  3  0 24 0.00 0.00 0.00     0 0.00 0.00 0.00     0 0.00 0.00 0.00     0 0.398
  3  0 24 0.00 0.00 0.00     0 0.00 0.00 0.00     0 0.00 0.00 0.00     0 0.416
  3  0 24 0.00 0.00 0.00     0 0.00 0.00 0.00     0 0.00 0.00 0.00     0 0.376
  3  0 24 0.00 0.00 0.00     0 0.00 0.00 0.00     0 0.00 0.00 0.00     0 0.358
  3  0 24 0.00 0.00 0.00     0 0.00 0.00 0.00     0 0.00 0.00 0.00     0 0.250
  3  0 24 0.00 0.00 0.00     0 0.00 0.00 0.00     0 0.00 0.00 0.00     0 0.267
  3  0 24 0.00 0.00 0.00     0 0.00 0.00 0.00     0 0.00 0.00 0.00     0 0.248
  3  0 24 0.00 0.00 0.00     0 0.00 0.00 0.00     0 0.00 0.00 0.00     0 0.245
  3  0 24 0.00 0.00 0.00     0 0.00 0.00 0.00     0 0.00 0.00 0.00     0 0.245
  3  0 24 0.00 0.00 0.00     0 0.00 0.00 0.00     0 0.00 0.00 0.00     0 0.280
  3  0 24 0.00 0.00 0.00     0 0.00 0.00 0.00     0 0.00 0.00 0.00     0 0.245
  3  0 24 0.00 0.00 0.00     0 0.00 0.00 0.00     0 0.00 0.00 0.00     0 0.245
  3  0 24 0.00 0.00 0.00     0 0.00 0.00 0.00     0 0.00 0.00 0.00     0 0.245
  3  0 24 0.00 0.00 0.00     0 0.00 0.00 0.00     0 0.00 0.00 0.00     0 0.246
  3  0 24 0.00 0.00 0.00     0 0.00 0.00 0.00     0 0.00 0.00 0.00     0 0.272
  3  0 24 0.00 0.00 0.00     0 0.00 0.00 0.00     0 0.00 0.00 0.00     0 0.244
  3  0 24 0.00 0.00 0.00     0 0.00 0.00 0.00     0 0.00 0.00 0.00     0 0.246
  3  0 24 0.00 0.00 0.00     0 0.00 0.00 0.00     0 0.00 0.00 0.00     0 0.245
  3  0 24 0.00 0.00 0.00     0 0.00 0.00 0.00     0 0.00 0.00 0.00     0 0.245
  3  0 24 0.00 0.00 0.00     0 0.00 0.00 0.00     0 0.00 0.00 0.00     0 0.263
  3  0 24 0.00 0.00 0.00     0 0.00 0.00 0.00     0 0.00 0.00 0.00     0 0.246
  3  0 24 0.00 0.00 0.00     0 0.00 0.00 0.00     0 0.00 0.00 0.00     0 0.246
  3  0 24 0.00 0.00 0.00     0 0.00 0.00 0.00     0 0.00 0.00 0.00     0 0.246
  3  0 24 0.00 0.00 0.00     0 0.00 0.00 0.00     0 0.00 0.00 0.00     0 0.246
  3  0 24 0.00 0.00 0.00     0 0.00 0.00 0.00     0 0.00 0.00 0.00     0 0.245
  3  0 24 0.00 0.00 0.00     0 0.00 0.00 0.00     0 0.00 0.00 0.00     0 0.245
  3  0 24 0.00 0.00 0.00     0 0.00 0.00 0.00     0 0.00 0.00 0.00     0 0.261
  3  0 24 0.00 0.00 0.00     0 0.00 0.00 0.00     0 0.00 0.00 0.00     0 0.252
  3  0 24 0.00 0.00 0.00     0 0.00 0.00 0.00     0 0.00 0.00 0.00     0 0.264
  3  0 24 0.00 0.00 0.00     0 0.00 0.00 0.00     0 0.00 0.00 0.00     0 0.250
  3  0 24 0.00 0.00 0.00     0 0.00 0.00 0.00     0 0.00 0.00 0.00     0 0.243
  3  0 24 0.00 0.00 0.00     0 0.00 0.00 0.00     0 0.00 0.00 0.00     0 0.245
  3  0 24 0.00 0.00 0.00     0 0.00 0.00 0.00     0 0.00 0.00 0.00     0 0.245
  3  0 24 0.00 0.00 0.00     0 0.00 0.00 0.00     0 0.00 0.00 0.00     0 0.239
  3  0 24 0.00 0.00 0.00     0 0.00 0.00 0.00     0 0.00 0.00 0.00     0 0.222
  3  0 24 0.00 0.00 0.00     0 0.00 0.00 0.00     0 0.00 0.00 0.00     0 0.232
  3  0 24 0.00 0.00 0.00     0 0.00 0.00 0.00     0 0.00 0.00 0.00     0 0.243
  3  0 24 0.00 0.00 0.00     0 0.00 0.00 0.00     0 0.00 0.00 0.00     0 0.241
  3  0 24 0.00 0.00 0.00     0 0.00 0.00 0.00     0 0.00 0.00 0.00     0 0.248
  3  0 24 0.00 0.00 0.00     0 0.00 0.00 0.00     0 0.00 0.00 0.00     0 0.244
  3  0 24 0.00 0.00 0.00     0 0.00 0.00 0.00     0 0.00 0.00 0.00     0 0.244
  3  0 24 0.00 0.00 0.00     0 0.00 0.00 0.00     0 0.00 0.00 0.00     0 0.242
  3  0 24 0.00 0.00 0.00     0 0.00 0.00 0.00     0 0.00 0.00 0.00     0 0.243
  3  0 24 0.00 0.00 0.00     0 0.00 0.00 0.00     0 0.00 0.00 0.00     0 0.245
  3  0 24 0.00 0.00 0.00     0 0.00 0.00 0.00     0 0.00 0.00 0.00     0 0.241
  3  0 24 0.00 0.00 0.00     0 0.00 0.00 0.00     0 0.00 0.00 0.00     0 0.241
  3  0 24 0.00 0.00 0.00     0 0.00 0.00 0.00     0 0.00 0.00 0.00     0 0.242
  3  0 24 0.00 0.00 0.00     0 0.00 0.00 0.00     0 0.00 0.00 0.00     0 0.244
  3  0 24 0.00 0.00 0.00     0 0.00 0.00 0.00     0 0.00 0.00 0.00     0 0.242
  3  0 24 0.00 0.00 0.00     0 0.00 0.00 0.00     0 0.00 0.00 0.00     0 0.245
  3  0 24 0.00 0.00 0.00     0 0.00 0.00 0.00     0 0.00 0.00 0.00     0 0.241
  3  0 24 0.00 0.00 0.00     0 0.00 0.00 0.00     0 0.00 0.00 0.00     0 0.244
  3  0 24 0.00 0.00 0.00     0 0.00 0.00 0.00     0 0.00 0.00 0.00     0 0.241
  3  0 24 0.00 0.00 0.00     0 0.00 0.00 0.00     0 0.00 0.00 0.00     0 0.242
  3  0 24 0.00 0.00 0.00     0 0.00 0.00 0.00     0 0.00 0.00 0.00     0 0.264
  3  0 24 0.00 0.00 0.00     0 0.00 0.00 0.00     0 0.00 0.00 0.00     0 0.241
  3  0 24 0.00 0.00 0.00     0 0.00 0.00 0.00     0 0.00 0.00 0.00     0 0.242
  3  0 24 0.00 0.00 0.00     0 0.00 0.00 0.00     0 0.00 0.00 0.00     0 0.241
  3  0 24 0.00 0.00 0.00     0 0.00 0.00 0.00     0 0.00 0.00 0.00     0 0.241
  3  0 24 0.00 0.00 0.00     0 0.00 0.00 0.00     0 0.00 0.00 0.00     0 0.242
  3  0 24 0.00 0.00 0.00     0 0.00 0.00 0.00     0 0.00 0.00 0.00     0 0.240
  3  0 24 0.00 0.00 0.00     0 0.00 0.00 0.00     0 0.00 0.00 0.00     0 0.242
  3  0 24 0.00 0.00 0.00     0 0.00 0.00 0.00     0 0.00 0.00 0.00     0 0.242
  3  0 24 0.00 0.00 0.00     0 0.00 0.00 0.00     0 0.00 0.00 0.00     0 0.243
  3  0 24 0.00 0.00 0.00     0 0.00 0.00 0.00     0 0.00 0.00 0.00     0 0.251
  3  0 24 0.00 0.00 0.00     0 0.00 0.00 0.00     0 0.00 0.00 0.00     0 0.255
  3  0 24 0.00 0.00 0.00     0 0.00 0.00 0.00     0 0.00 0.00 0.00     0 0.548
  3  0 24 0.00 0.00 0.00     0 0.00 0.00 0.00     0 0.00 0.00 0.00     0 0.579
  3  0 24 0.00 0.00 0.00     0 0.00 0.00 0.00     0 0.00 0.00 0.00     0 0.593
  3  0 24 0.00 0.00 0.00     0 0.00 0.00 0.00     0 0.00 0.00 0.00     0 0.539
  3  0 24 0.00 0.00 0.00     0 0.00 0.00 0.00     0 0.00 0.00 0.00     0 0.540
  3  0 24 0.00 0.00 0.00     0 0.00 0.00 0.00     0 0.00 0.00 0.00     0 0.542
  3  0 24 0.00 0.00 0.00     0 0.00 0.00 0.00     0 0.00 0.00 0.00     0 0.540
  3  0 24 0.00 0.00 0.00     0 0.00 0.00 0.00     0 0.00 0.00 0.00     0 0.540
  3  0 24 0.00 0.00 0.00     0 0.00 0.00 0.00     0 0.00 0.00 0.00     0 0.542
  3  0 24 0.00 0.00 0.00     0 0.00 0.00 0.00     0 0.00 0.00 0.00     0 0.540
  3  0 24 0.00 0.00 0.00     0 0.00 0.00 0.00     0 0.00 0.00 0.00     0 0.542
  3  0 24 0.00 0.00 0.00     0 0.00 0.00 0.00     0 0.00 0.00 0.00     0 0.536
  3  0 24 0.00 0.00 0.00     0 0.00 0.00 0.00     0 0.00 0.00 0.00     0 0.536
  3  0 24 0.00 0.00 0.00     0 0.00 0.00 0.00     0 0.00 0.00 0.00     0 0.535
  3  0 24 0.00 0.00 0.00     0 0.00 0.00 0.00     0 0.00 0.00 0.00     0 0.540
  3  0 24 0.00 0.00 0.00     0 0.00 0.00 0.00     0 0.00 0.00 0.00     0 0.539
  3  0 24 0.00 0.00 0.00     0 0.00 0.00 0.00     0 0.00 0.00 0.00     0 0.561
  3  0 24 0.00 0.00 0.00     0 0.00 0.00 0.00     0 0.00 0.00 0.00     0 0.544
  3  0 24 0.00 0.00 0.00     0 0.00 0.00 0.00     0 0.00 0.00 0.00     0 0.538
  3  0 24 0.00 0.00 0.00     0 0.00 0.00 0.00     0 0.00 0.00 0.00     0 0.544
  3  0 24 0.00 0.00 0.00     0 0.00 0.00 0.00     0 0.00 0.00 0.00     0 0.539
  3  0 24 0.00 0.00 0.00     0 0.00 0.00 0.00     0 0.00 0.00 0.00     0 0.541
  3  0 24 0.00 0.00 0.00     0 0.00 0.00 0.00     0 0.00 0.00 0.00     0 0.546
  3  0 24 0.00 0.00 0.00     0 0.00 0.00 0.00     0 0.00 0.00 0.00     0 0.540
  3  0 24 0.00 0.00 0.00     0 0.00 0.00 0.00     0 0.00 0.00 0.00     0 0.543
  3  0 24 0.00 0.00 0.00     0 0.00 0.00 0.00     0 0.00 0.00 0.00     0 0.543
  3  0 24 0.00 0.00 0.00     0 0.00 0.00 0.00     0 0.00 0.00 0.00     0 0.541
  3  0 24 0.00 0.00 0.00     0 0.00 0.00 0.00     0 0.00 0.00 0.00     0 0.542
  3  0 24 0.00 0.00 0.00     0 0.00 0.00 0.00     0 0.00 0.00 0.00     0 0.543
  3  0 24 0.00 0.00 0.00     0 0.00 0.00 0.00     0 0.00 0.00 0.00     0 0.538
  3  0 24 0.00 0.00 0.00     0 0.00 0.00 0.00     0 0.00 0.00 0.00     0 0.528
  3  0 24 0.00 0.00 0.00     0 0.00 0.00 0.00     0 0.00 0.00 0.00     0 0.530
  3  0 24 0.00 0.00 0.00     0 0.00 0.00 0.00     0 0.00 0.00 0.00     0 0.530
  3  0 24 0.00 0.00 0.00     0 0.00 0.00 0.00     0 0.00 0.00 0.00     0 0.528
  3  0 24 0.00 0.00 0.00     0 0.00 0.00 0.00     0 0.00 0.00 0.00     0 0.535
  3  0 24 0.00 0.00 0.00     0 0.00 0.00 0.00     0 0.00 0.00 0.00     0 0.530
  3  0 24 0.00 0.00 0.00     0 0.00 0.00 0.00     0 0.00 0.00 0.00     0 0.528
  3  0 24 0.00 0.00 0.00     0 0.00 0.00 0.00     0 0.00 0.00 0.00     0 0.531
  3  0 24 0.00 0.00 0.00     0 0.00 0.00 0.00     0 0.00 0.00 0.00     0 0.528
  3  0 24 0.00 0.00 0.00     0 0.00 0.00 0.00     0 0.00 0.00 0.00     0 0.527
  3  0 24 0.00 0.00 0.00     0 0.00 0.00 0.00     0 0.00 0.00 0.00     0 0.530
  3  0 24 0.00 0.00 0.00     0 0.00 0.00 0.00     0 0.00 0.00 0.00     0 0.528
  3  0 24 0.00 0.00 0.00     0 0.00 0.00 0.00     0 0.00 0.00 0.00     0 0.533
  3  0 24 0.00 0.00 0.00     0 0.00 0.00 0.00     0 0.00 0.00 0.00     0 0.541
  3  0 24 0.00 0.00 0.00     0 0.00 0.00 0.00     0 0.00 0.00 0.00     0 0.528
  3  0 24 0.00 0.00 0.00     0 0.00 0.00 0.00     0 0.00 0.00 0.00     0 0.533
  3  0 24 0.00 0.00 0.00     0 0.00 0.00 0.00     0 0.00 0.00 0.00     0 0.533
  3  0 24 0.00 0.00 0.00     0 0.00 0.00 0.00     0 0.00 0.00 0.00     0 0.529
  3  0 24 0.00 0.00 0.00     0 0.00 0.00 0.00     0 0.00 0.00 0.00     0 0.528
  3  0 24 0.00 0.00 0.00     0 0.00 0.00 0.00     0 0.00 0.00 0.00     0 0.530
  3  0 24 0.00 0.00 0.00     0 0.00 0.00 0.00     0 0.00 0.00 0.00     0 0.531
  3  0 24 0.00 0.00 0.00     0 0.00 0.00 0.00     0 0.00 0.00 0.00     0 0.534
  3  0 24 0.00 0.00 0.00     0 0.00 0.00 0.00     0 0.00 0.00 0.00     0 0.529
  3  0 24 0.00 0.00 0.00     0 0.00 0.00 0.00     0 0.00 0.00 0.00     0 0.528
  3  0 24 0.00 0.00 0.00     0 0.00 0.00 0.00     0 0.00 0.00 0.00     0 0.535
  3  0 24 0.00 0.00 0.00     0 0.00 0.00 0.00     0 0.00 0.00 0.00     0 0.529
  3  0 24 0.00 0.00 0.00     0 0.00 0.00 0.00     0 0.00 0.00 0.00     0 0.530
  3  0 24 0.00 0.00 0.00     0 0.00 0.00 0.00     0 0.00 0.00 0.00     0 0.530
  3  0 24 0.00 0.00 0.00     0 0.00 0.00 0.00     0 0.00 0.00 0.00     0 0.530
  3  0 24 0.00 0.00 0.00     0 0.00 0.00 0.00     0 0.00 0.00 0.00     0 0.528
  3  0 24 0.00 0.00 0.00     0 0.00 0.00 0.00     0 0.00 0.00 0.00     0 0.300
  3  0 24 0.00 0.00 0.00     0 0.00 0.00 0.00     0 0.00 0.00 0.00     0 0.240
  3  0 24 0.00 0.00 0.00     0 0.00 0.00 0.00     0 0.00 0.00 0.00     0 0.242
  3  0 24 0.00 0.00 0.00     0 0.00 0.00 0.00     0 0.00 0.00 0.00     0 0.243
  3  0 24 0.00 0.00 0.00     0 0.00 0.00 0.00     0 0.00 0.00 0.00     0 0.272
  3  0 24 0.00 0.00 0.00     0 0.00 0.00 0.00     0 0.00 0.00 0.00     0 0.241
  3  0 24 0.00 0.00 0.00     0 0.00 0.00 0.00     0 0.00 0.00 0.00     0 0.242
  3  0 24 0.00 0.00 0.00     0 0.00 0.00 0.00     0 0.00 0.00 0.00     0 0.264
  3  0 24 0.00 0.00 0.00     0 0.00 0.00 0.00     0 0.00 0.00 0.00     0 0.241
  3  0 24 0.00 0.00 0.00     0 0.00 0.00 0.00     0 0.00 0.00 0.00     0 0.241
  3  0 24 0.00 0.00 0.00     0 0.00 0.00 0.00     0 0.00 0.00 0.00     0 0.241
  3  0 24 0.00 0.00 0.00     0 0.00 0.00 0.00     0 0.00 0.00 0.00     0 0.242
  3  0 24 0.00 0.00 0.00     0 0.00 0.00 0.00     0 0.00 0.00 0.00     0 0.242
  3  0 24 0.00 0.00 0.00     0 0.00 0.00 0.00     0 0.00 0.00 0.00     0 0.241
  3  0 24 0.00 0.00 0.00     0 0.00 0.00 0.00     0 0.00 0.00 0.00     0 0.241
  3  0 24 0.00 0.00 0.00     0 0.00 0.00 0.00     0 0.00 0.00 0.00     0 0.241
  3  0 24 0.00 0.00 0.00     0 0.00 0.00 0.00     0 0.00 0.00 0.00     0 0.241
  3  0 24 0.00 0.00 0.00     0 0.00 0.00 0.00     0 0.00 0.00 0.00     0 0.242
  3  0 24 0.00 0.00 0.00     0 0.00 0.00 0.00     0 0.00 0.00 0.00     0 0.241
  3  0 24 0.00 0.00 0.00     0 0.00 0.00 0.00     0 0.00 0.00 0.00     0 0.241
  3  0 24 0.00 0.00 0.00     0 0.00 0.00 0.00     0 0.00 0.00 0.00     0 0.240
  3  0 24 0.00 0.00 0.00     0 0.00 0.00 0.00     0 0.00 0.00 0.00     0 0.241
  3  0 24 0.00 0.00 0.00     0 0.00 0.00 0.00     0 0.00 0.00 0.00     0 0.242
  3  0 24 0.00 0.00 0.00     0 0.00 0.00 0.00     0 0.00 0.00 0.00     0 0.242
  3  0 24 0.00 0.00 0.00     0 0.00 0.00 0.00     0 0.00 0.00 0.00     0 0.242
  3  0 24 0.00 0.00 0.00     0 0.00 0.00 0.00     0 0.00 0.00 0.00     0 0.242
  3  0 24 0.00 0.00 0.00     0 0.00 0.00 0.00     0 0.00 0.00 0.00     0 0.242
  3  0 24 0.00 0.00 0.00     0 0.00 0.00 0.00     0 0.00 0.00 0.00     0 0.242
  3  0 24 0.00 0.00 0.00     0 0.00 0.00 0.00     0 0.00 0.00 0.00     0 0.243
  3  0 24 0.00 0.00 0.00     0 0.00 0.00 0.00     0 0.00 0.00 0.00     0 0.246
  3  0 24 0.00 0.00 0.00     0 0.00 0.00 0.00     0 0.00 0.00 0.00     0 0.282
  3  0 24 0.00 0.00 0.00     0 0.00 0.00 0.00     0 0.00 0.00 0.00     0 0.275
  3  0 24 0.00 0.00 0.00     0 0.00 0.00 0.00     0 0.00 0.00 0.00     0 0.273
  3  0 24 0.00 0.00 0.00     0 0.00 0.00 0.00     0 0.00 0.00 0.00     0 0.269
  3  0 24 0.00 0.00 0.00     0 0.00 0.00 0.00     0 0.00 0.00 0.00     0 0.240
  3  0 24 0.00 0.00 0.00     0 0.00 0.00 0.00     0 0.00 0.00 0.00     0 0.242
  3  0 24 0.00 0.00 0.00     0 0.00 0.00 0.00     0 0.00 0.00 0.00     0 0.240
  3  0 24 0.00 0.00 0.00     0 0.00 0.00 0.00     0 0.00 0.00 0.00     0 0.241
  3  0 24 0.00 0.00 0.00     0 0.00 0.00 0.00     0 0.00 0.00 0.00     0 0.242
  3  0 24 0.00 0.00 0.00     0 0.00 0.00 0.00     0 0.00 0.00 0.00     0 0.241
  3  0 24 0.00 0.00 0.00     0 0.00 0.00 0.00     0 0.00 0.00 0.00     0 0.242
  3  0 24 0.00 0.00 0.00     0 0.00 0.00 0.00     0 0.00 0.00 0.00     0 0.242
  3  0 24 0.00 0.00 0.00     0 0.00 0.00 0.00     0 0.00 0.00 0.00     0 0.241
  3  0 24 0.00 0.00 0.00     0 0.00 0.00 0.00     0 0.00 0.00 0.00     0 0.241
  3  0 24 0.00 0.00 0.00     0 0.00 0.00 0.00     0 0.00 0.00 0.00     0 0.263
  3  0 24 0.00 0.00 0.00     0 0.00 0.00 0.00     0 0.00 0.00 0.00     0 0.242
  3  0 24 0.00 0.00 0.00     0 0.00 0.00 0.00     0 0.00 0.00 0.00     0 0.240
  3  0 24 0.00 0.00 0.00     0 0.00 0.00 0.00     0 0.00 0.00 0.00     0 0.241
  3  0 24 0.00 0.00 0.00     0 0.00 0.00 0.00     0 0.00 0.00 0.00     0 0.242
  3  0 24 0.00 0.00 0.00     0 0.00 0.00 0.00     0 0.00 0.00 0.00     0 0.242
  3  0 24 0.00 0.00 0.00     0 0.00 0.00 0.00     0 0.00 0.00 0.00     0 0.242
  3  0 24 0.00 0.00 0.00     0 0.00 0.00 0.00     0 0.00 0.00 0.00     0 0.242
  3  0 24 0.00 0.00 0.00     0 0.00 0.00 0.00     0 0.00 0.00 0.00     0 0.241
  3  0 24 0.00 0.00 0.00     0 0.00 0.00 0.00     0 0.00 0.00 0.00     0 0.240
  3  0 24 0.00 0.00 0.00     0 0.00 0.00 0.00     0 0.00 0.00 0.00     0 0.242
  3  0 24 0.00 0.00 0.00     0 0.00 0.00 0.00     0 0.00 0.00 0.00     0 0.242
  3  0 24 0.00 0.00 0.00     0 0.00 0.00 0.00     0 0.00 0.00 0.00     0 0.241
  3  0 24 0.00 0.00 0.00     0 0.00 0.00 0.00     0 0.00 0.00 0.00     0 0.242
  3  0 24 0.00 0.00 0.00     0 0.00 0.00 0.00     0 0.00 0.00 0.00     0 0.241
  3  0 24 0.00 0.00 0.00     0 0.00 0.00 0.00     0 0.00 0.00 0.00     0 0.240
  3  0 24 0.00 0.00 0.00     0 0.00 0.00 0.00     0 0.00 0.00 0.00     0 0.439
  3  0 24 0.00 0.00 0.00     0 0.00 0.00 0.00     0 0.00 0.00 0.00     0 0.272
  3  0 24 0.00 0.00 0.00     0 0.00 0.00 0.00     0 0.00 0.00 0.00     0 0.241
  3  0 24 0.00 0.00 0.00     0 0.00 0.00 0.00     0 0.00 0.00 0.00     0 0.241
  3  0 24 0.00 0.00 0.00     0 0.00 0.00 0.00     0 0.00 0.00 0.00     0 0.241
  3  0 24 0.00 0.00 0.00     0 0.00 0.00 0.00     0 0.00 0.00 0.00     0 0.242
  3  0 24 0.00 0.00 0.00     0 0.00 0.00 0.00     0 0.00 0.00 0.00     0 0.241
  3  0 24 0.00 0.00 0.00     0 0.00 0.00 0.00     0 0.00 0.00 0.00     0 0.241
  3  0 24 0.00 0.00 0.00     0 0.00 0.00 0.00     0 0.00 0.00 0.00     0 0.242
  3  0 24 0.00 0.00 0.00     0 0.00 0.00 0.00     0 0.00 0.00 0.00     0 0.242
  3  0 24 0.00 0.00 0.00     0 0.00 0.00 0.00     0 0.00 0.00 0.00     0 0.242
  3  0 24 0.00 0.00 0.00     0 0.00 0.00 0.00     0 0.00 0.00 0.00     0 0.241
  3  0 24 0.00 0.00 0.00     0 0.00 0.00 0.00     0 0.00 0.00 0.00     0 0.241
  3  0 24 0.00 0.00 0.00     0 0.00 0.00 0.00     0 0.00 0.00 0.00     0 0.242
  3  0 24 0.00 0.00 0.00     0 0.00 0.00 0.00     0 0.00 0.00 0.00     0 0.241
  3  0 24 0.00 0.00 0.00     0 0.00 0.00 0.00     0 0.00 0.00 0.00     0 0.274
  3  0 24 0.00 0.00 0.00     0 0.00 0.00 0.00     0 0.00 0.00 0.00     0 0.242
  3  0 24 0.00 0.00 0.00     0 0.00 0.00 0.00     0 0.00 0.00 0.00     0 0.241
  3  0 24 0.00 0.00 0.00     0 0.00 0.00 0.00     0 0.00 0.00 0.00     0 0.241
  3  0 24 0.00 0.00 0.00     0 0.00 0.00 0.00     0 0.00 0.00 0.00     0 0.243
  3  0 24 0.00 0.00 0.00     0 0.00 0.00 0.00     0 0.00 0.00 0.00     0 0.241
  3  0 24 0.00 0.00 0.00     0 0.00 0.00 0.00     0 0.00 0.00 0.00     0 0.242
  3  0 24 0.00 0.00 0.00     0 0.00 0.00 0.00     0 0.00 0.00 0.00     0 0.241
  3  0 24 0.00 0.00 0.00     0 0.00 0.00 0.00     0 0.00 0.00 0.00     0 0.265
  3  0 24 0.00 0.00 0.00     0 0.00 0.00 0.00     0 0.00 0.00 0.00     0 0.241
  3  0 24 0.00 0.00 0.00     0 0.00 0.00 0.00     0 0.00 0.00 0.00     0 0.241
  3  0 24 0.00 0.00 0.00     0 0.00 0.00 0.00     0 0.00 0.00 0.00     0 0.242
  3  0 24 0.00 0.00 0.00     0 0.00 0.00 0.00     0 0.00 0.00 0.00     0 0.242
  3  0 24 0.00 0.00 0.00     0 0.00 0.00 0.00     0 0.00 0.00 0.00     0 0.242
  3  0 24 0.00 0.00 0.00     0 0.00 0.00 0.00     0 0.00 0.00 0.00     0 0.243
  3  0 24 0.00 0.00 0.00     0 0.00 0.00 0.00     0 0.00 0.00 0.00     0 0.262
  3  0 24 0.00 0.00 0.00     0 0.00 0.00 0.00     0 0.00 0.00 0.00     0 0.269
  3  0 24 0.00 0.00 0.00     0 0.00 0.00 0.00     0 0.00 0.00 0.00     0 0.241
  3  0 24 0.00 0.00 0.00     0 0.00 0.00 0.00     0 0.00 0.00 0.00     0 0.241
  3  0 24 0.00 0.00 0.00     0 0.00 0.00 0.00     0 0.00 0.00 0.00     0 0.241
  3  0 24 0.00 0.00 0.00     0 0.00 0.00 0.00     0 0.00 0.00 0.00     0 0.242
  3  0 24 0.00 0.00 0.00     0 0.00 0.00 0.00     0 0.00 0.00 0.00     0 0.241
  3  0 24 0.00 0.00 0.00     0 0.00 0.00 0.00     0 0.00 0.00 0.00     0 0.242
  3  0 24 0.00 0.00 0.00     0 0.00 0.00 0.00     0 0.00 0.00 0.00     0 0.241
  3  0 24 0.00 0.00 0.00     0 0.00 0.00 0.00     0 0.00 0.00 0.00     0 0.241
  3  0 24 0.00 0.00 0.00     0 0.00 0.00 0.00     0 0.00 0.00 0.00     0 0.243
  3  0 24 0.00 0.00 0.00     0 0.00 0.00 0.00     0 0.00 0.00 0.00     0 0.241
  3  0 24 0.00 0.00 0.00     0 0.00 0.00 0.00     0 0.00 0.00 0.00     0 0.241
  3  0 24 0.00 0.00 0.00     0 0.00 0.00 0.00     0 0.00 0.00 0.00     0 0.241
  3  0 24 0.00 0.00 0.00     0 0.00 0.00 0.00     0 0.00 0.00 0.00     0 0.241
  3  0 24 0.00 0.00 0.00     0 0.00 0.00 0.00     0 0.00 0.00 0.00     0 0.241
  3  0 24 0.00 0.00 0.00     0 0.00 0.00 0.00     0 0.00 0.00 0.00     0 0.241
  3  0 24 0.00 0.00 0.00     0 0.00 0.00 0.00     0 0.00 0.00 0.00     0 0.241
  3  0 24 0.00 0.00 0.00     0 0.00 0.00 0.00     0 0.00 0.00 0.00     0 0.241
  3  0 24 0.00 0.00 0.00     0 0.00 0.00 0.00     0 0.00 0.00 0.00     0 0.241
  3  0 24 0.00 0.00 0.00     0 0.00 0.00 0.00     0 0.00 0.00 0.00     0 0.244
  3  0 24 0.00 0.00 0.00     0 0.00 0.00 0.00     0 0.00 0.00 0.00     0 0.243
  3  0 24 0.00 0.00 0.00     0 0.00 0.00 0.00     0 0.00 0.00 0.00     0 0.242
  3  0 24 0.00 0.00 0.00     0 0.00 0.00 0.00     0 0.00 0.00 0.00     0 0.241
  3  0 24 0.00 0.00 0.00     0 0.00 0.00 0.00     0 0.00 0.00 0.00     0 0.241
  3  0 24 0.00 0.00 0.00     0 0.00 0.00 0.00     0 0.00 0.00 0.00     0 0.241
  3  0 24 0.00 0.00 0.00     0 0.00 0.00 0.00     0 0.00 0.00 0.00     0 0.241
  3  0 24 0.00 0.00 0.00     0 0.00 0.00 0.00     0 0.00 0.00 0.00     0 0.241
  3  0 24 0.00 0.00 0.00     0 0.00 0.00 0.00     0 0.00 0.00 0.00     0 0.241
  3  0 24 0.00 0.00 0.00     0 0.00 0.00 0.00     0 0.00 0.00 0.00     0 0.241
  3  0 24 0.00 0.00 0.00     0 0.00 0.00 0.00     0 0.00 0.00 0.00     0 0.338
  3  0 24 0.00 0.00 0.00     0 0.00 0.00 0.00     0 0.00 0.00 0.00     0 0.297
  3  0 24 0.00 0.00 0.00     0 0.00 0.00 0.00     0 0.00 0.00 0.00     0 0.247
  3  0 24 0.00 0.00 0.00     0 0.00 0.00 0.00     0 0.00 0.00 0.00     0 0.316
  3  0 24 0.00 0.00 0.00     0 0.00 0.00 0.00     0 0.00 0.00 0.00     0 0.241
  3  0 24 0.00 0.00 0.00     0 0.00 0.00 0.00     0 0.00 0.00 0.00     0 0.368
  3  0 24 0.00 0.00 0.00     0 0.00 0.00 0.00     0 0.00 0.00 0.00     0 0.262
  3  0 24 0.00 0.00 0.00     0 0.00 0.00 0.00     0 0.00 0.00 0.00     0 0.244
  3  0 24 0.00 0.00 0.00     0 0.00 0.00 0.00     0 0.00 0.00 0.00     0 0.241
  3  0 24 0.00 0.00 0.00     0 0.00 0.00 0.00     0 0.00 0.00 0.00     0 0.242
  3  0 24 0.00 0.00 0.00     0 0.00 0.00 0.00     0 0.00 0.00 0.00     0 0.266
  3  0 24 0.00 0.00 0.00     0 0.00 0.00 0.00     0 0.00 0.00 0.00     0 0.241
  3  0 24 0.00 0.00 0.00     0 0.00 0.00 0.00     0 0.00 0.00 0.00     0 0.247
  3  0 24 0.00 0.00 0.00     0 0.00 0.00 0.00     0 0.00 0.00 0.00     0 0.248
  3  0 24 0.00 0.00 0.00     0 0.00 0.00 0.00     0 0.00 0.00 0.00     0 0.251
  3  0 24 0.00 0.00 0.00     0 0.00 0.00 0.00     0 0.00 0.00 0.00     0 0.244
  3  0 24 0.00 0.00 0.00     0 0.00 0.00 0.00     0 0.00 0.00 0.00     0 0.242
  3  0 24 0.00 0.00 0.00     0 0.00 0.00 0.00     0 0.00 0.00 0.00     0 0.242
  3  0 24 0.00 0.00 0.00     0 0.00 0.00 0.00     0 0.00 0.00 0.00     0 0.241
  3  0 24 0.00 0.00 0.00     0 0.00 0.00 0.00     0 0.00 0.00 0.00     0 0.244
  3  0 24 0.00 0.00 0.00     0 0.00 0.00 0.00     0 0.00 0.00 0.00     0 0.255
  3  0 24 0.00 0.00 0.00     0 0.00 0.00 0.00     0 0.00 0.00 0.00     0 0.245
  3  0 24 0.00 0.00 0.00     0 0.00 0.00 0.00     0 0.00 0.00 0.00     0 0.241
  3  0 24 0.00 0.00 0.00     0 0.00 0.00 0.00     0 0.00 0.00 0.00     0 0.247
  3  0 24 0.00 0.00 0.00     0 0.00 0.00 0.00     0 0.00 0.00 0.00     0 0.244
  3  0 24 0.00 0.00 0.00     0 0.00 0.00 0.00     0 0.00 0.00 0.00     0 0.248
  3  0 24 0.00 0.00 0.00     0 0.00 0.00 0.00     0 0.00 0.00 0.00     0 0.241
  3  0 24 0.00 0.00 0.00     0 0.00 0.00 0.00     0 0.00 0.00 0.00     0 0.241
  3  0 24 0.00 0.00 0.00     0 0.00 0.00 0.00     0 0.00 0.00 0.00     0 0.316
  3  0 24 0.00 0.00 0.00     0 0.00 0.00 0.00     0 0.00 0.00 0.00     0 0.250
  3  0 24 0.00 0.00 0.00     0 0.00 0.00 0.00     0 0.00 0.00 0.00     0 0.355
  3  0 24 0.00 0.00 0.00     0 0.00 0.00 0.00     0 0.00 0.00 0.00     0 0.253
  3  0 24 0.00 0.00 0.00     0 0.00 0.00 0.00     0 0.00 0.00 0.00     0 0.241
  3  0 24 0.00 0.00 0.00     0 0.00 0.00 0.00     0 0.00 0.00 0.00     0 0.241
  3  0 24 0.00 0.00 0.00     0 0.00 0.00 0.00     0 0.00 0.00 0.00     0 0.260
  3  0 24 0.00 0.00 0.00     0 0.00 0.00 0.00     0 0.00 0.00 0.00     0 0.241
  3  0 24 0.00 0.00 0.00     0 0.00 0.00 0.00     0 0.00 0.00 0.00     0 0.242
  3  0 24 0.00 0.00 0.00     0 0.00 0.00 0.00     0 0.00 0.00 0.00     0 0.241
  3  0 24 0.00 0.00 0.00     0 0.00 0.00 0.00     0 0.00 0.00 0.00     0 0.241
  3  0 24 0.00 0.00 0.00     0 0.00 0.00 0.00     0 0.00 0.00 0.00     0 0.241
  3  0 24 0.00 0.00 0.00     0 0.00 0.00 0.00     0 0.00 0.00 0.00     0 0.241
  3  0 24 0.00 0.00 0.00     0 0.00 0.00 0.00     0 0.00 0.00 0.00     0 0.241
  3  0 24 0.00 0.00 0.00     0 0.00 0.00 0.00     0 0.00 0.00 0.00     0 0.241
  3  0 24 0.00 0.00 0.00     0 0.00 0.00 0.00     0 0.00 0.00 0.00     0 0.242
  3  0 24 0.00 0.00 0.00     0 0.00 0.00 0.00     0 0.00 0.00 0.00     0 0.241
  3  0 24 0.00 0.00 0.00     0 0.00 0.00 0.00     0 0.00 0.00 0.00     0 0.265
  3  0 24 0.00 0.00 0.00     0 0.00 0.00 0.00     0 0.00 0.00 0.00     0 0.241
  3  0 24 0.00 0.00 0.00     0 0.00 0.00 0.00     0 0.00 0.00 0.00     0 0.241
  3  0 24 0.00 0.00 0.00     0 0.00 0.00 0.00     0 0.00 0.00 0.00     0 0.241
  3  0 24 0.00 0.00 0.00     0 0.00 0.00 0.00     0 0.00 0.00 0.00     0 0.241
  3  0 24 0.00 0.00 0.00     0 0.00 0.00 0.00     0 0.00 0.00 0.00     0 0.241
  3  0 24 0.00 0.00 0.00     0 0.00 0.00 0.00     0 0.00 0.00 0.00     0 0.241
  3  0 24 0.00 0.00 0.00     0 0.00 0.00 0.00     0 0.00 0.00 0.00     0 0.245
  3  0 24 0.00 0.00 0.00     0 0.00 0.00 0.00     0 0.00 0.00 0.00     0 0.241
  3  0 24 0.00 0.00 0.00     0 0.00 0.00 0.00     0 0.00 0.00 0.00     0 0.242
  3  0 24 0.00 0.00 0.00     0 0.00 0.00 0.00     0 0.00 0.00 0.00     0 0.244
  3  0 24 0.00 0.00 0.00     0 0.00 0.00 0.00     0 0.00 0.00 0.00     0 0.241
  3  0 24 0.00 0.00 0.00     0 0.00 0.00 0.00     0 0.00 0.00 0.00     0 0.241
  3  0 24 0.00 0.00 0.00     0 0.00 0.00 0.00     0 0.00 0.00 0.00     0 0.241
  3  0 24 0.00 0.00 0.00     0 0.00 0.00 0.00     0 0.00 0.00 0.00     0 0.268
  3  0 24 0.00 0.00 0.00     0 0.00 0.00 0.00     0 0.00 0.00 0.00     0 0.258
  3  0 24 0.00 0.00 0.00     0 0.00 0.00 0.00     0 0.00 0.00 0.00     0 0.241
  3  0 24 0.00 0.00 0.00     0 0.00 0.00 0.00     0 0.00 0.00 0.00     0 0.241
  3  0 24 0.00 0.00 0.00     0 0.00 0.00 0.00     0 0.00 0.00 0.00     0 0.244
  3  0 24 0.00 0.00 0.00     0 0.00 0.00 0.00     0 0.00 0.00 0.00     0 0.241
  3  0 24 0.00 0.00 0.00     0 0.00 0.00 0.00     0 0.00 0.00 0.00     0 0.241
  3  0 24 0.00 0.00 0.00     0 0.00 0.00 0.00     0 0.00 0.00 0.00     0 0.242
  3  0 24 0.00 0.00 0.00     0 0.00 0.00 0.00     0 0.00 0.00 0.00     0 0.241
  3  0 24 0.00 0.00 0.00     0 0.00 0.00 0.00     0 0.00 0.00 0.00     0 0.241
  3  0 24 0.00 0.00 0.00     0 0.00 0.00 0.00     0 0.00 0.00 0.00     0 0.241
  3  0 24 0.00 0.00 0.00     0 0.00 0.00 0.00     0 0.00 0.00 0.00     0 0.241
  3  0 24 0.00 0.00 0.00     0 0.00 0.00 0.00     0 0.00 0.00 0.00     0 0.241
  3  0 24 0.00 0.00 0.00     0 0.00 0.00 0.00     0 0.00 0.00 0.00     0 0.241
  3  0 24 0.00 0.00 0.00     0 0.00 0.00 0.00     0 0.00 0.00 0.00     0 0.241
  3  0 24 0.00 0.00 0.00     0 0.00 0.00 0.00     0 0.00 0.00 0.00     0 0.241
  3  0 24 0.00 0.00 0.00     0 0.00 0.00 0.00     0 0.00 0.00 0.00     0 0.241
  3  0 24 0.00 0.00 0.00     0 0.00 0.00 0.00     0 0.00 0.00 0.00     0 0.241
  3  0 24 0.00 0.00 0.00     0 0.00 0.00 0.00     0 0.00 0.00 0.00     0 0.241
  3  0 24 0.00 0.00 0.00     0 0.00 0.00 0.00     0 0.00 0.00 0.00     0 0.241
  3  0 24 0.00 0.00 0.00     0 0.00 0.00 0.00     0 0.00 0.00 0.00     0 0.241
  3  0 24 0.00 0.00 0.00     0 0.00 0.00 0.00     0 0.00 0.00 0.00     0 0.241
  3  0 24 0.00 0.00 0.00     0 0.00 0.00 0.00     0 0.00 0.00 0.00     0 0.242
  3  0 24 0.00 0.00 0.00     0 0.00 0.00 0.00     0 0.00 0.00 0.00     0 0.241
  3  0 24 0.00 0.00 0.00     0 0.00 0.00 0.00     0 0.00 0.00 0.00     0 0.241
  3  0 24 0.00 0.00 0.00     0 0.00 0.00 0.00     0 0.00 0.00 0.00     0 0.263
  3  0 24 0.00 0.00 0.00     0 0.00 0.00 0.00     0 0.00 0.00 0.00     0 0.244
  3  0 24 0.00 0.00 0.00     0 0.00 0.00 0.00     0 0.00 0.00 0.00     0 0.241
  3  0 24 0.00 0.00 0.00     0 0.00 0.00 0.00     0 0.00 0.00 0.00     0 0.242
  3  0 24 0.00 0.00 0.00     0 0.00 0.00 0.00     0 0.00 0.00 0.00     0 0.241
  3  0 24 0.00 0.00 0.00     0 0.00 0.00 0.00     0 0.00 0.00 0.00     0 0.241
  3  0 24 0.00 0.00 0.00     0 0.00 0.00 0.00     0 0.00 0.00 0.00     0 0.268
  3  0 24 0.00 0.00 0.00     0 0.00 0.00 0.00     0 0.00 0.00 0.00     0 0.241
  3  0 24 0.00 0.00 0.00     0 0.00 0.00 0.00     0 0.00 0.00 0.00     0 0.242
  3  0 24 0.00 0.00 0.00     0 0.00 0.00 0.00     0 0.00 0.00 0.00     0 0.244
  3  0 24 0.00 0.00 0.00     0 0.00 0.00 0.00     0 0.00 0.00 0.00     0 0.241
  3  0 24 0.00 0.00 0.00     0 0.00 0.00 0.00     0 0.00 0.00 0.00     0 0.241
  3  0 24 0.00 0.00 0.00     0 0.00 0.00 0.00     0 0.00 0.00 0.00     0 0.241
  3  0 24 0.00 0.00 0.00     0 0.00 0.00 0.00     0 0.00 0.00 0.00     0 0.241
  3  0 24 0.00 0.00 0.00     0 0.00 0.00 0.00     0 0.00 0.00 0.00     0 0.241
  3  0 24 0.00 0.00 0.00     0 0.00 0.00 0.00     0 0.00 0.00 0.00     0 0.241
  3  0 24 0.00 0.00 0.00     0 0.00 0.00 0.00     0 0.00 0.00 0.00     0 0.241
  3  0 24 0.00 0.00 0.00     0 0.00 0.00 0.00     0 0.00 0.00 0.00     0 0.241
  3  0 24 0.00 0.00 0.00     0 0.00 0.00 0.00     0 0.00 0.00 0.00     0 0.241
  3  0 24 0.00 0.00 0.00     0 0.00 0.00 0.00     0 0.00 0.00 0.00     0 0.241
  3  0 24 0.00 0.00 0.00     0 0.00 0.00 0.00     0 0.00 0.00 0.00     0 0.242
  3  0 24 0.00 0.00 0.00     0 0.00 0.00 0.00     0 0.00 0.00 0.00     0 0.242
  3  0 24 0.00 0.00 0.00     0 0.00 0.00 0.00     0 0.00 0.00 0.00     0 0.241
  3  0 24 0.00 0.00 0.00     0 0.00 0.00 0.00     0 0.00 0.00 0.00     0 0.241
  3  0 24 0.00 0.00 0.00     0 0.00 0.00 0.00     0 0.00 0.00 0.00     0 0.241
  3  0 24 0.00 0.00 0.00     0 0.00 0.00 0.00     0 0.00 0.00 0.00     0 0.241
  3  0 24 0.00 0.00 0.00     0 0.00 0.00 0.00     0 0.00 0.00 0.00     0 0.241
  3  0 24 0.00 0.00 0.00     0 0.00 0.00 0.00     0 0.00 0.00 0.00     0 0.241
  3  0 24 0.00 0.00 0.00     0 0.00 0.00 0.00     0 0.00 0.00 0.00     0 0.241
  3  0 24 0.00 0.00 0.00     0 0.00 0.00 0.00     0 0.00 0.00 0.00     0 0.241
  3  0 24 0.00 0.00 0.00     0 0.00 0.00 0.00     0 0.00 0.00 0.00     0 0.244
  3  0 24 0.00 0.00 0.00     0 0.00 0.00 0.00     0 0.00 0.00 0.00     0 0.241
  3  0 24 0.00 0.00 0.00     0 0.00 0.00 0.00     0 0.00 0.00 0.00     0 0.242
  3  0 24 0.00 0.00 0.00     0 0.00 0.00 0.00     0 0.00 0.00 0.00     0 0.241
  3  0 24 0.00 0.00 0.00     0 0.00 0.00 0.00     0 0.00 0.00 0.00     0 0.241
  3  0 24 0.00 0.00 0.00     0 0.00 0.00 0.00     0 0.00 0.00 0.00     0 0.274
  3  0 24 0.00 0.00 0.00     0 0.00 0.00 0.00     0 0.00 0.00 0.00     0 0.319
  3  0 24 0.00 0.00 0.00     0 0.00 0.00 0.00     0 0.00 0.00 0.00     0 0.221
  3  0 24 0.00 0.00 0.00     0 0.00 0.00 0.00     0 0.00 0.00 0.00     0 0.220
  3  0 24 0.00 0.00 0.00     0 0.00 0.00 0.00     0 0.00 0.00 0.00     0 0.222
  3  0 24 0.00 0.00 0.00     0 0.00 0.00 0.00     0 0.00 0.00 0.00     0 0.253
  3  0 24 0.00 0.00 0.00     0 0.00 0.00 0.00     0 0.00 0.00 0.00     0 0.220
  3  0 24 0.00 0.00 0.00     0 0.00 0.00 0.00     0 0.00 0.00 0.00     0 0.220
  3  0 24 0.00 0.00 0.00     0 0.00 0.00 0.00     0 0.00 0.00 0.00     0 0.236
  3  0 24 0.00 0.00 0.00     0 0.00 0.00 0.00     0 0.00 0.00 0.00     0 0.220
  3  0 24 0.00 0.00 0.00     0 0.00 0.00 0.00     0 0.00 0.00 0.00     0 0.236
  3  0 24 0.00 0.00 0.00     0 0.00 0.00 0.00     0 0.00 0.00 0.00     0 0.221
  3  0 24 0.00 0.00 0.00     0 0.00 0.00 0.00     0 0.00 0.00 0.00     0 0.220
  3  0 24 0.00 0.00 0.00     0 0.00 0.00 0.00     0 0.00 0.00 0.00     0 0.221
  3  0 24 0.00 0.00 0.00     0 0.00 0.00 0.00     0 0.00 0.00 0.00     0 0.220
  3  0 24 0.00 0.00 0.00     0 0.00 0.00 0.00     0 0.00 0.00 0.00     0 0.220
  3  0 24 0.00 0.00 0.00     0 0.00 0.00 0.00     0 0.00 0.00 0.00     0 0.220
  3  0 24 0.00 0.00 0.00     0 0.00 0.00 0.00     0 0.00 0.00 0.00     0 0.227
  3  0 24 0.00 0.00 0.00     0 0.00 0.00 0.00     0 0.00 0.00 0.00     0 0.221
  3  0 24 0.00 0.00 0.00     0 0.00 0.00 0.00     0 0.00 0.00 0.00     0 0.221
  3  0 24 0.00 0.00 0.00     0 0.00 0.00 0.00     0 0.00 0.00 0.00     0 0.246
  3  0 24 0.00 0.00 0.00     0 0.00 0.00 0.00     0 0.00 0.00 0.00     0 0.221
  3  0 24 0.00 0.00 0.00     0 0.00 0.00 0.00     0 0.00 0.00 0.00     0 0.221
  3  0 24 0.00 0.00 0.00     0 0.00 0.00 0.00     0 0.00 0.00 0.00     0 0.256
  3  0 24 0.00 0.00 0.00     0 0.00 0.00 0.00     0 0.00 0.00 0.00     0 0.221
  3  0 24 0.00 0.00 0.00     0 0.00 0.00 0.00     0 0.00 0.00 0.00     0 0.226
  3  0 24 0.00 0.00 0.00     0 0.00 0.00 0.00     0 0.00 0.00 0.00     0 0.233
  3  0 24 0.00 0.00 0.00     0 0.00 0.00 0.00     0 0.00 0.00 0.00     0 0.255
  3  0 24 0.00 0.00 0.00     0 0.00 0.00 0.00     0 0.00 0.00 0.00     0 0.221
  3  0 24 0.00 0.00 0.00     0 0.00 0.00 0.00     0 0.00 0.00 0.00     0 0.220
  3  0 24 0.00 0.00 0.00     0 0.00 0.00 0.00     0 0.00 0.00 0.00     0 0.221
  3  0 24 0.00 0.00 0.00     0 0.00 0.00 0.00     0 0.00 0.00 0.00     0 0.243
  3  0 24 0.00 0.00 0.00     0 0.00 0.00 0.00     0 0.00 0.00 0.00     0 0.221
  3  0 24 0.00 0.00 0.00     0 0.00 0.00 0.00     0 0.00 0.00 0.00     0 0.222
  3  0 24 0.00 0.00 0.00     0 0.00 0.00 0.00     0 0.00 0.00 0.00     0 0.220
  3  0 24 0.00 0.00 0.00     0 0.00 0.00 0.00     0 0.00 0.00 0.00     0 0.220
  3  0 24 0.00 0.00 0.00     0 0.00 0.00 0.00     0 0.00 0.00 0.00     0 0.220
  3  0 24 0.00 0.00 0.00     0 0.00 0.00 0.00     0 0.00 0.00 0.00     0 0.220
  3  0 24 0.00 0.00 0.00     0 0.00 0.00 0.00     0 0.00 0.00 0.00     0 0.220
  3  0 24 0.00 0.00 0.00     0 0.00 0.00 0.00     0 0.00 0.00 0.00     0 0.220
  3  0 24 0.00 0.00 0.00     0 0.00 0.00 0.00     0 0.00 0.00 0.00     0 0.221
  3  0 24 0.00 0.00 0.00     0 0.00 0.00 0.00     0 0.00 0.00 0.00     0 0.221
  3  0 24 0.00 0.00 0.00     0 0.00 0.00 0.00     0 0.00 0.00 0.00     0 0.223
  3  0 24 0.00 0.00 0.00     0 0.00 0.00 0.00     0 0.00 0.00 0.00     0 0.221
  3  0 24 0.00 0.00 0.00     0 0.00 0.00 0.00     0 0.00 0.00 0.00     0 0.220
  3  0 24 0.00 0.00 0.00     0 0.00 0.00 0.00     0 0.00 0.00 0.00     0 0.221
  3  0 24 0.00 0.00 0.00     0 0.00 0.00 0.00     0 0.00 0.00 0.00     0 0.223
  3  0 24 0.00 0.00 0.00     0 0.00 0.00 0.00     0 0.00 0.00 0.00     0 0.221
  3  0 24 0.00 0.00 0.00     0 0.00 0.00 0.00     0 0.00 0.00 0.00     0 0.220
  3  0 24 0.00 0.00 0.00     0 0.00 0.00 0.00     0 0.00 0.00 0.00     0 0.221
  3  0 24 0.00 0.00 0.00     0 0.00 0.00 0.00     0 0.00 0.00 0.00     0 0.221
  3  0 24 0.00 0.00 0.00     0 0.00 0.00 0.00     0 0.00 0.00 0.00     0 0.221
  3  0 24 0.00 0.00 0.00     0 0.00 0.00 0.00     0 0.00 0.00 0.00     0 0.220
  3  0 24 0.00 0.00 0.00     0 0.00 0.00 0.00     0 0.00 0.00 0.00     0 0.220
  3  0 24 0.00 0.00 0.00     0 0.00 0.00 0.00     0 0.00 0.00 0.00     0 0.221
  3  0 24 0.00 0.00 0.00     0 0.00 0.00 0.00     0 0.00 0.00 0.00     0 0.221
  3  0 24 0.00 0.00 0.00     0 0.00 0.00 0.00     0 0.00 0.00 0.00     0 0.220
  3  0 24 0.00 0.00 0.00     0 0.00 0.00 0.00     0 0.00 0.00 0.00     0 0.221
  3  0 24 0.00 0.00 0.00     0 0.00 0.00 0.00     0 0.00 0.00 0.00     0 0.220
  3  0 24 0.00 0.00 0.00     0 0.00 0.00 0.00     0 0.00 0.00 0.00     0 0.221
  3  0 24 0.00 0.00 0.00     0 0.00 0.00 0.00     0 0.00 0.00 0.00     0 0.095
