  3 22 23 44.12 48.01 48.83 242592 0.00 0.00 0.00     0 42.16 46.85 47.76 102831 71844 10.443
  3 22 23 44.12 48.01 48.83 242592 0.00 0.00 0.00     0 42.16 46.85 47.76 102831 71844 10.445
  3 22 23 44.12 48.01 48.83 242592 0.00 0.00 0.00     0 42.16 46.85 47.76 102831 71844 10.337
  3 22 23 44.12 48.01 48.83 242592 0.00 0.00 0.00     0 42.16 46.85 47.76 102831 71844 10.277
  3 22 23 44.12 48.01 48.83 242592 0.00 0.00 0.00     0 42.16 46.85 47.76 102831 71844 10.420
  3 22 23 44.12 48.01 48.83 242592 0.00 0.00 0.00     0 42.16 46.85 47.76 102831 71844 10.350
  3 22 23 44.12 48.01 48.83 242592 0.00 0.00 0.00     0 42.16 46.85 47.76 102831 71844 10.252
  3 22 23 44.12 48.01 48.83 242592 0.00 0.00 0.00     0 42.16 46.85 47.76 102831 71844 10.226
  3 22 23 44.12 48.01 48.83 242592 0.00 0.00 0.00     0 42.16 46.85 47.76 102831 71844 10.284
  3 22 23 44.12 48.01 48.83 242592 0.00 0.00 0.00     0 42.16 46.85 47.76 102831 71844 10.269
  3 22 23 44.12 48.01 48.83 242592 0.00 0.00 0.00     0 42.16 46.85 47.76 102831 71844 10.253
  3 22 23 44.12 48.01 48.83 242592 0.00 0.00 0.00     0 42.16 46.85 47.76 102831 71844 10.246
  3 22 23 44.12 48.01 48.83 242592 0.00 0.00 0.00     0 42.16 46.85 47.76 102831 71844 10.240
  3 22 23 44.12 48.01 48.83 242592 0.00 0.00 0.00     0 42.16 46.85 47.76 102831 71844 10.348
  3 22 23 44.12 48.01 48.83 242592 0.00 0.00 0.00     0 42.16 46.85 47.76 102831 71844 10.228
  3 22 23 44.12 48.01 48.83 242592 0.00 0.00 0.00     0 42.16 46.85 47.76 102831 71844 10.216
  3 22 23 44.12 48.01 48.83 242592 0.00 0.00 0.00     0 42.16 46.85 47.76 102831 71844 10.074
  3 22 23 44.12 48.01 48.83 242592 0.00 0.00 0.00     0 42.16 46.85 47.76 102831 71844 10.087
  3 22 23 44.12 48.01 48.83 242592 0.00 0.00 0.00     0 42.16 46.85 47.76 102831 71844 10.434
  3 22 23 44.12 48.01 48.83 242592 0.00 0.00 0.00     0 42.16 46.85 47.76 102831 71844 10.294
  3 22 23 44.12 48.01 48.83 242592 0.00 0.00 0.00     0 42.16 46.85 47.76 102831 71844 10.220
  3 22 23 44.12 48.01 48.83 242592 0.00 0.00 0.00     0 42.16 46.85 47.76 102831 71844 10.237
  3 22 23 44.12 48.01 48.83 242592 0.00 0.00 0.00     0 42.16 46.85 47.76 102831 71844 10.229
  3 22 23 44.12 48.01 48.83 242592 0.00 0.00 0.00     0 42.16 46.85 47.76 102831 71844 10.214
  3 22 23 44.12 48.01 48.83 242592 0.00 0.00 0.00     0 42.16 46.85 47.76 102831 71844 10.249
  3 22 23 44.12 48.01 48.83 242592 0.00 0.00 0.00     0 42.16 46.85 47.76 102831 71844 10.097
  3 22 23 44.12 48.01 48.83 242592 0.00 0.00 0.00     0 42.16 46.85 47.76 102831 71844 10.085
  3 22 23 44.12 48.01 48.83 242592 0.00 0.00 0.00     0 42.16 46.85 47.76 102831 71844 10.053
  3 22 23 44.12 48.01 48.83 242592 0.00 0.00 0.00     0 42.16 46.85 47.76 102831 71844 10.050
  3 22 23 44.12 48.01 48.83 242592 0.00 0.00 0.00     0 42.16 46.85 47.76 102831 71844 10.065
  3 22 23 44.12 48.01 48.83 242592 0.00 0.00 0.00     0 42.16 46.85 47.76 102831 71844 10.056
  3 22 23 44.12 48.01 48.83 242592 0.00 0.00 0.00     0 42.16 46.85 47.76 102831 71844 10.089
  3 22 23 44.12 48.01 48.83 242592 0.00 0.00 0.00     0 42.16 46.85 47.76 102831 71844 10.063
  3 22 23 44.12 48.01 48.83 242592 0.00 0.00 0.00     0 42.16 46.85 47.76 102831 71844 10.050
  3 22 23 44.12 48.01 48.83 242592 0.00 0.00 0.00     0 42.16 46.85 47.76 102831 71844 10.048
  3 22 23 44.12 48.01 48.83 242592 0.00 0.00 0.00     0 42.16 46.85 47.76 102831 71844 10.065
  3 22 23 44.12 48.01 48.83 242592 0.00 0.00 0.00     0 42.16 46.85 47.76 102831 71844 10.044
  3 22 23 44.12 48.01 48.83 242592 0.00 0.00 0.00     0 42.16 46.85 47.76 102831 71844 10.075
  3 22 23 44.12 48.01 48.83 242592 0.00 0.00 0.00     0 42.16 46.85 47.76 102831 71844 10.055
  3 22 23 44.12 48.01 48.83 242592 0.00 0.00 0.00     0 42.16 46.85 47.76 102831 71844 10.046
  3 22 23 44.12 48.01 48.83 242592 0.00 0.00 0.00     0 42.16 46.85 47.76 102831 71844 10.055
  3 22 23 44.12 48.01 48.83 242592 0.00 0.00 0.00     0 42.16 46.85 47.76 102831 71844 10.074
  3 22 23 44.12 48.01 48.83 242592 0.00 0.00 0.00     0 42.16 46.85 47.76 102831 71844 10.123
  3 22 23 44.12 48.01 48.83 242592 0.00 0.00 0.00     0 42.16 46.85 47.76 102831 71844 10.058
  3 22 23 44.12 48.01 48.83 242592 0.00 0.00 0.00     0 42.16 46.85 47.76 102831 71844 10.046
  3 22 23 44.12 48.01 48.83 242592 0.00 0.00 0.00     0 42.16 46.85 47.76 102831 71844 10.052
  3 22 23 44.12 48.01 48.83 242592 0.00 0.00 0.00     0 42.16 46.85 47.76 102831 71844 10.042
  3 22 23 44.12 48.01 48.83 242592 0.00 0.00 0.00     0 42.16 46.85 47.76 102831 71844 10.469
  3 22 23 44.12 48.01 48.83 242592 0.00 0.00 0.00     0 42.16 46.85 47.76 102831 71844 10.312
  3 22 23 44.12 48.01 48.83 242592 0.00 0.00 0.00     0 42.16 46.85 47.76 102831 71844 11.032
  3 22 23 44.12 48.01 48.83 242592 0.00 0.00 0.00     0 42.16 46.85 47.76 102831 71844 11.146
  3 22 23 44.12 48.01 48.83 242592 0.00 0.00 0.00     0 42.16 46.85 47.76 102831 71844 10.348
  3 22 23 44.12 48.01 48.83 242592 0.00 0.00 0.00     0 42.16 46.85 47.76 102831 71844 10.458
  3 22 23 44.12 48.01 48.83 242592 0.00 0.00 0.00     0 42.16 46.85 47.76 102831 71844 10.247
  3 22 23 44.12 48.01 48.83 242592 0.00 0.00 0.00     0 42.16 46.85 47.76 102831 71844 10.371
  3 22 23 44.12 48.01 48.83 242592 0.00 0.00 0.00     0 42.16 46.85 47.76 102831 71844 10.134
  3 22 23 44.12 48.01 48.83 242592 0.00 0.00 0.00     0 42.16 46.85 47.76 102831 71844 10.172
  3 22 23 44.12 48.01 48.83 242592 0.00 0.00 0.00     0 42.16 46.85 47.76 102831 71844 10.144
  3 22 23 44.12 48.01 48.83 242592 0.00 0.00 0.00     0 42.16 46.85 47.76 102831 71844 10.105
  3 22 23 44.12 48.01 48.83 242592 0.00 0.00 0.00     0 42.16 46.85 47.76 102831 71844 10.131
  3 22 23 44.12 48.01 48.83 242592 0.00 0.00 0.00     0 42.16 46.85 47.76 102831 71844 10.115
  3 22 23 44.12 48.01 48.83 242592 0.00 0.00 0.00     0 42.16 46.85 47.76 102831 71844 10.167
  3 22 23 44.12 48.01 48.83 242592 0.00 0.00 0.00     0 42.16 46.85 47.76 102831 71844 10.162
  3 22 23 44.12 48.01 48.83 242592 0.00 0.00 0.00     0 42.16 46.85 47.76 102831 71844 10.110
  3 22 23 44.12 48.01 48.83 242592 0.00 0.00 0.00     0 42.16 46.85 47.76 102831 71844 10.017
  3 22 23 44.12 48.01 48.83 242592 0.00 0.00 0.00     0 42.16 46.85 47.76 102831 71844 10.146
  3 22 23 44.12 48.01 48.83 242592 0.00 0.00 0.00     0 42.16 46.85 47.76 102831 71844 10.457
  3 22 23 44.12 48.01 48.83 242592 0.00 0.00 0.00     0 42.16 46.85 47.76 102831 71844 10.154
  3 22 23 44.12 48.01 48.83 242592 0.00 0.00 0.00     0 42.16 46.85 47.76 102831 71844 10.143
  3 22 23 44.12 48.01 48.83 242592 0.00 0.00 0.00     0 42.16 46.85 47.76 102831 71844 10.126
  3 22 23 44.12 48.01 48.83 242592 0.00 0.00 0.00     0 42.16 46.85 47.76 102831 71844 10.089
  3 22 23 44.12 48.01 48.83 242592 0.00 0.00 0.00     0 42.16 46.85 47.76 102831 71844 10.116
  3 22 23 44.12 48.01 48.83 242592 0.00 0.00 0.00     0 42.16 46.85 47.76 102831 71844 10.135
  3 22 23 44.12 48.01 48.83 242592 0.00 0.00 0.00     0 42.16 46.85 47.76 102831 71844 10.052
  3 22 23 44.12 48.01 48.83 242592 0.00 0.00 0.00     0 42.16 46.85 47.76 102831 71844 10.090
  3 22 23 44.12 48.01 48.83 242592 0.00 0.00 0.00     0 42.16 46.85 47.76 102831 71844 10.121
  3 22 23 44.12 48.01 48.83 242592 0.00 0.00 0.00     0 42.16 46.85 47.76 102831 71844 10.185
  3 22 23 44.12 48.01 48.83 242592 0.00 0.00 0.00     0 42.16 46.85 47.76 102831 71844 10.160
  3 22 23 44.12 48.01 48.83 242592 0.00 0.00 0.00     0 42.16 46.85 47.76 102831 71844 10.217
  3 22 23 44.12 48.01 48.83 242592 0.00 0.00 0.00     0 42.16 46.85 47.76 102831 71844 10.176
  3 22 23 44.12 48.01 48.83 242592 0.00 0.00 0.00     0 42.16 46.85 47.76 102831 71844 10.319
  3 22 23 44.12 48.01 48.83 242592 0.00 0.00 0.00     0 42.16 46.85 47.76 102831 71844 22.872
  3 22 23 44.12 48.01 48.83 242592 0.00 0.00 0.00     0 42.16 46.85 47.76 102831 71844 22.383
  3 22 23 44.12 48.01 48.83 242592 0.00 0.00 0.00     0 42.16 46.85 47.76 102831 71844 22.225
  3 22 23 44.12 48.01 48.83 242592 0.00 0.00 0.00     0 42.16 46.85 47.76 102831 71844 22.336
  3 22 23 44.12 48.01 48.83 242592 0.00 0.00 0.00     0 42.16 46.85 47.76 102831 71844 22.903
  3 22 23 44.12 48.01 48.83 242592 0.00 0.00 0.00     0 42.16 46.85 47.76 102831 71844 22.791
  3 22 23 44.12 48.01 48.83 242592 0.00 0.00 0.00     0 42.16 46.85 47.76 102831 71844 22.349
  3 22 23 44.12 48.01 48.83 242592 0.00 0.00 0.00     0 42.16 46.85 47.76 102831 71844 22.333
  3 22 23 44.12 48.01 48.83 242592 0.00 0.00 0.00     0 42.16 46.85 47.76 102831 71844 22.338
  3 22 23 44.12 48.01 48.83 242592 0.00 0.00 0.00     0 42.16 46.85 47.76 102831 71844 22.343
  3 22 23 44.12 48.01 48.83 242592 0.00 0.00 0.00     0 42.16 46.85 47.76 102831 71844 22.337
  3 22 23 44.12 48.01 48.83 242592 0.00 0.00 0.00     0 42.16 46.85 47.76 102831 71844 22.342
  3 22 23 44.12 48.01 48.83 242592 0.00 0.00 0.00     0 42.16 46.85 47.76 102831 71844 22.358
  3 22 23 44.12 48.01 48.83 242592 0.00 0.00 0.00     0 42.16 46.85 47.76 102831 71844 22.364
  3 22 23 44.12 48.01 48.83 242592 0.00 0.00 0.00     0 42.16 46.85 47.76 102831 71844 22.356
  3 22 23 44.12 48.01 48.83 242592 0.00 0.00 0.00     0 42.16 46.85 47.76 102831 71844 22.450
  3 22 23 44.12 48.01 48.83 242592 0.00 0.00 0.00     0 42.16 46.85 47.76 102831 71844 22.348
  3 22 23 44.12 48.01 48.83 242592 0.00 0.00 0.00     0 42.16 46.85 47.76 102831 71844 22.333
  3 22 23 44.12 48.01 48.83 242592 0.00 0.00 0.00     0 42.16 46.85 47.76 102831 71844 22.227
  3 22 23 44.12 48.01 48.83 242592 0.00 0.00 0.00     0 42.16 46.85 47.76 102831 71844 22.339
  3 22 23 44.12 48.01 48.83 242592 0.00 0.00 0.00     0 42.16 46.85 47.76 102831 71844 22.345
  3 22 23 44.12 48.01 48.83 242592 0.00 0.00 0.00     0 42.16 46.85 47.76 102831 71844 22.372
  3 22 23 44.12 48.01 48.83 242592 0.00 0.00 0.00     0 42.16 46.85 47.76 102831 71844 22.350
  3 22 23 44.12 48.01 48.83 242592 0.00 0.00 0.00     0 42.16 46.85 47.76 102831 71844 22.343
  3 22 23 44.12 48.01 48.83 242592 0.00 0.00 0.00     0 42.16 46.85 47.76 102831 71844 22.333
  3 22 23 44.12 48.01 48.83 242592 0.00 0.00 0.00     0 42.16 46.85 47.76 102831 71844 22.359
  3 22 23 44.12 48.01 48.83 242592 0.00 0.00 0.00     0 42.16 46.85 47.76 102831 71844 22.364
  3 22 23 44.12 48.01 48.83 242592 0.00 0.00 0.00     0 42.16 46.85 47.76 102831 71844 23.105
  3 22 23 44.12 48.01 48.83 242592 0.00 0.00 0.00     0 42.16 46.85 47.76 102831 71844 22.390
  3 22 23 44.12 48.01 48.83 242592 0.00 0.00 0.00     0 42.16 46.85 47.76 102831 71844 22.369
  3 22 23 44.12 48.01 48.83 242592 0.00 0.00 0.00     0 42.16 46.85 47.76 102831 71844 22.352
  3 22 23 44.12 48.01 48.83 242592 0.00 0.00 0.00     0 42.16 46.85 47.76 102831 71844 22.330
  3 22 23 44.12 48.01 48.83 242592 0.00 0.00 0.00     0 42.16 46.85 47.76 102831 71844 22.331
  3 22 23 44.12 48.01 48.83 242592 0.00 0.00 0.00     0 42.16 46.85 47.76 102831 71844 22.335
  3 22 23 44.12 48.01 48.83 242592 0.00 0.00 0.00     0 42.16 46.85 47.76 102831 71844 22.379
  3 22 23 44.12 48.01 48.83 242592 0.00 0.00 0.00     0 42.16 46.85 47.76 102831 71844 22.339
  3 22 23 44.12 48.01 48.83 242592 0.00 0.00 0.00     0 42.16 46.85 47.76 102831 71844 22.364
  3 22 23 44.12 48.01 48.83 242592 0.00 0.00 0.00     0 42.16 46.85 47.76 102831 71844 22.338
  3 22 23 44.12 48.01 48.83 242592 0.00 0.00 0.00     0 42.16 46.85 47.76 102831 71844 22.352
  3 22 23 44.12 48.01 48.83 242592 0.00 0.00 0.00     0 42.16 46.85 47.76 102831 71844 22.422
  3 22 23 44.12 48.01 48.83 242592 0.00 0.00 0.00     0 42.16 46.85 47.76 102831 71844 22.367
  3 22 23 44.12 48.01 48.83 242592 0.00 0.00 0.00     0 42.16 46.85 47.76 102831 71844 22.339
  3 22 23 44.12 48.01 48.83 242592 0.00 0.00 0.00     0 42.16 46.85 47.76 102831 71844 22.355
  3 22 23 44.12 48.01 48.83 242592 0.00 0.00 0.00     0 42.16 46.85 47.76 102831 71844 22.353
  3 22 23 44.12 48.01 48.83 242592 0.00 0.00 0.00     0 42.16 46.85 47.76 102831 71844 22.333
  3 22 23 44.12 48.01 48.83 242592 0.00 0.00 0.00     0 42.16 46.85 47.76 102831 71844 22.350
  3 22 23 44.12 48.01 48.83 242592 0.00 0.00 0.00     0 42.16 46.85 47.76 102831 71844 22.354
  3 22 23 44.12 48.01 48.83 242592 0.00 0.00 0.00     0 42.16 46.85 47.76 102831 71844 22.363
  3 22 23 44.12 48.01 48.83 242592 0.00 0.00 0.00     0 42.16 46.85 47.76 102831 71844 22.353
  3 22 23 44.12 48.01 48.83 242592 0.00 0.00 0.00     0 42.16 46.85 47.76 102831 71844 22.344
  3 22 23 44.12 48.01 48.83 242592 0.00 0.00 0.00     0 42.16 46.85 47.76 102831 71844 22.374
  3 22 23 44.12 48.01 48.83 242592 0.00 0.00 0.00     0 42.16 46.85 47.76 102831 71844 22.362
  3 22 23 44.12 48.01 48.83 242592 0.00 0.00 0.00     0 42.16 46.85 47.76 102831 71844 22.479
  3 22 23 44.12 48.01 48.83 242592 0.00 0.00 0.00     0 42.16 46.85 47.76 102831 71844 22.369
  3 22 23 44.12 48.01 48.83 242592 0.00 0.00 0.00     0 42.16 46.85 47.76 102831 71844 22.363
  3 22 23 44.12 48.01 48.83 242592 0.00 0.00 0.00     0 42.16 46.85 47.76 102831 71844 22.375
  3 22 23 44.12 48.01 48.83 242592 0.00 0.00 0.00     0 42.16 46.85 47.76 102831 71844 22.353
  3 22 23 44.12 48.01 48.83 242592 0.00 0.00 0.00     0 42.16 46.85 47.76 102831 71844 22.352
  3 22 23 44.12 48.01 48.83 242592 0.00 0.00 0.00     0 42.16 46.85 47.76 102831 71844 22.336
  3 22 23 44.12 48.01 48.83 242592 0.00 0.00 0.00     0 42.16 46.85 47.76 102831 71844 22.351
  3 22 23 44.12 48.01 48.83 242592 0.00 0.00 0.00     0 42.16 46.85 47.76 102831 71844 10.097
  3 22 23 44.12 48.01 48.83 242592 0.00 0.00 0.00     0 42.16 46.85 47.76 102831 71844 10.057
  3 22 23 44.12 48.01 48.83 242592 0.00 0.00 0.00     0 42.16 46.85 47.76 102831 71844 10.063
  3 22 23 44.12 48.01 48.83 242592 0.00 0.00 0.00     0 42.16 46.85 47.76 102831 71844 10.089
  3 22 23 44.12 48.01 48.83 242592 0.00 0.00 0.00     0 42.16 46.85 47.76 102831 71844 10.076
  3 22 23 44.12 48.01 48.83 242592 0.00 0.00 0.00     0 42.16 46.85 47.76 102831 71844 10.056
  3 22 23 44.12 48.01 48.83 242592 0.00 0.00 0.00     0 42.16 46.85 47.76 102831 71844 10.059
  3 22 23 44.12 48.01 48.83 242592 0.00 0.00 0.00     0 42.16 46.85 47.76 102831 71844 10.062
  3 22 23 44.12 48.01 48.83 242592 0.00 0.00 0.00     0 42.16 46.85 47.76 102831 71844 10.060
  3 22 23 44.12 48.01 48.83 242592 0.00 0.00 0.00     0 42.16 46.85 47.76 102831 71844 10.060
  3 22 23 44.12 48.01 48.83 242592 0.00 0.00 0.00     0 42.16 46.85 47.76 102831 71844 10.064
  3 22 23 44.12 48.01 48.83 242592 0.00 0.00 0.00     0 42.16 46.85 47.76 102831 71844 10.058
  3 22 23 44.12 48.01 48.83 242592 0.00 0.00 0.00     0 42.16 46.85 47.76 102831 71844 10.074
  3 22 23 44.12 48.01 48.83 242592 0.00 0.00 0.00     0 42.16 46.85 47.76 102831 71844 10.114
  3 22 23 44.12 48.01 48.83 242592 0.00 0.00 0.00     0 42.16 46.85 47.76 102831 71844 10.061
  3 22 23 44.12 48.01 48.83 242592 0.00 0.00 0.00     0 42.16 46.85 47.76 102831 71844 10.051
  3 22 23 44.12 48.01 48.83 242592 0.00 0.00 0.00     0 42.16 46.85 47.76 102831 71844 18.552
  3 22 23 44.12 48.01 48.83 242592 0.00 0.00 0.00     0 42.16 46.85 47.76 102831 71844 10.057
  3 22 23 44.12 48.01 48.83 242592 0.00 0.00 0.00     0 42.16 46.85 47.76 102831 71844 10.050
  3 22 23 44.12 48.01 48.83 242592 0.00 0.00 0.00     0 42.16 46.85 47.76 102831 71844 10.074
  3 22 23 44.12 48.01 48.83 242592 0.00 0.00 0.00     0 42.16 46.85 47.76 102831 71844 10.050
  3 22 23 44.12 48.01 48.83 242592 0.00 0.00 0.00     0 42.16 46.85 47.76 102831 71844 10.056
  3 22 23 44.12 48.01 48.83 242592 0.00 0.00 0.00     0 42.16 46.85 47.76 102831 71844 10.059
  3 22 23 44.12 48.01 48.83 242592 0.00 0.00 0.00     0 42.16 46.85 47.76 102831 71844 10.053
  3 22 23 44.12 48.01 48.83 242592 0.00 0.00 0.00     0 42.16 46.85 47.76 102831 71844 15.594
  3 22 23 44.12 48.01 48.83 242592 0.00 0.00 0.00     0 42.16 46.85 47.76 102831 71844 10.073
  3 22 23 44.12 48.01 48.83 242592 0.00 0.00 0.00     0 42.16 46.85 47.76 102831 71844 10.048
  3 22 23 44.12 48.01 48.83 242592 0.00 0.00 0.00     0 42.16 46.85 47.76 102831 71844 10.067
  3 22 23 44.12 48.01 48.83 242592 0.00 0.00 0.00     0 42.16 46.85 47.76 102831 71844 10.163
  3 22 23 44.12 48.01 48.83 242592 0.00 0.00 0.00     0 42.16 46.85 47.76 102831 71844 10.106
  3 22 23 44.12 48.01 48.83 242592 0.00 0.00 0.00     0 42.16 46.85 47.76 102831 71844 10.176
  3 22 23 44.12 48.01 48.83 242592 0.00 0.00 0.00     0 42.16 46.85 47.76 102831 71844 10.048
  3 22 23 44.12 48.01 48.83 242592 0.00 0.00 0.00     0 42.16 46.85 47.76 102831 71844 10.055
  3 22 23 44.12 48.01 48.83 242592 0.00 0.00 0.00     0 42.16 46.85 47.76 102831 71844 10.052
  3 22 23 44.12 48.01 48.83 242592 0.00 0.00 0.00     0 42.16 46.85 47.76 102831 71844 10.054
  3 22 23 44.12 48.01 48.83 242592 0.00 0.00 0.00     0 42.16 46.85 47.76 102831 71844 10.057
  3 22 23 44.12 48.01 48.83 242592 0.00 0.00 0.00     0 42.16 46.85 47.76 102831 71844 10.044
  3 22 23 44.12 48.01 48.83 242592 0.00 0.00 0.00     0 42.16 46.85 47.76 102831 71844 10.044
  3 22 23 44.12 48.01 48.83 242592 0.00 0.00 0.00     0 42.16 46.85 47.76 102831 71844 10.063
  3 22 23 44.12 48.01 48.83 242592 0.00 0.00 0.00     0 42.16 46.85 47.76 102831 71844 10.057
  3 22 23 44.12 48.01 48.83 242592 0.00 0.00 0.00     0 42.16 46.85 47.76 102831 71844 10.063
  3 22 23 44.12 48.01 48.83 242592 0.00 0.00 0.00     0 42.16 46.85 47.76 102831 71844 10.054
  3 22 23 44.12 48.01 48.83 242592 0.00 0.00 0.00     0 42.16 46.85 47.76 102831 71844 10.061
  3 22 23 44.12 48.01 48.83 242592 0.00 0.00 0.00     0 42.16 46.85 47.76 102831 71844 10.052
  3 22 23 44.12 48.01 48.83 242592 0.00 0.00 0.00     0 42.16 46.85 47.76 102831 71844 10.063
  3 22 23 44.12 48.01 48.83 242592 0.00 0.00 0.00     0 42.16 46.85 47.76 102831 71844 10.055
  3 22 23 44.12 48.01 48.83 242592 0.00 0.00 0.00     0 42.16 46.85 47.76 102831 71844 10.050
  3 22 23 44.12 48.01 48.83 242592 0.00 0.00 0.00     0 42.16 46.85 47.76 102831 71844 10.069
  3 22 23 44.12 48.01 48.83 242592 0.00 0.00 0.00     0 42.16 46.85 47.76 102831 71844 10.052
  3 22 23 44.12 48.01 48.83 242592 0.00 0.00 0.00     0 42.16 46.85 47.76 102831 71844 10.077
  3 22 23 44.12 48.01 48.83 242592 0.00 0.00 0.00     0 42.16 46.85 47.76 102831 71844 10.075
  3 22 23 44.12 48.01 48.83 242592 0.00 0.00 0.00     0 42.16 46.85 47.76 102831 71844 10.048
  3 22 23 44.12 48.01 48.83 242592 0.00 0.00 0.00     0 42.16 46.85 47.76 102831 71844 10.053
  3 22 23 44.12 48.01 48.83 242592 0.00 0.00 0.00     0 42.16 46.85 47.76 102831 71844 10.055
  3 22 23 44.12 48.01 48.83 242592 0.00 0.00 0.00     0 42.16 46.85 47.76 102831 71844 10.058
  3 22 23 44.12 48.01 48.83 242592 0.00 0.00 0.00     0 42.16 46.85 47.76 102831 71844 10.061
  3 22 23 44.12 48.01 48.83 242592 0.00 0.00 0.00     0 42.16 46.85 47.76 102831 71844 10.059
  3 22 23 44.12 48.01 48.83 242592 0.00 0.00 0.00     0 42.16 46.85 47.76 102831 71844 10.103
  3 22 23 44.12 48.01 48.83 242592 0.00 0.00 0.00     0 42.16 46.85 47.76 102831 71844 10.058
  3 22 23 44.12 48.01 48.83 242592 0.00 0.00 0.00     0 42.16 46.85 47.76 102831 71844 10.049
  3 22 23 44.12 48.01 48.83 242592 0.00 0.00 0.00     0 42.16 46.85 47.76 102831 71844 10.187
  3 22 23 44.12 48.01 48.83 242592 0.00 0.00 0.00     0 42.16 46.85 47.76 102831 71844 10.176
  3 22 23 44.12 48.01 48.83 242592 0.00 0.00 0.00     0 42.16 46.85 47.76 102831 71844 10.052
  3 22 23 44.12 48.01 48.83 242592 0.00 0.00 0.00     0 42.16 46.85 47.76 102831 71844 10.059
  3 22 23 44.12 48.01 48.83 242592 0.00 0.00 0.00     0 42.16 46.85 47.76 102831 71844 10.056
  3 22 23 44.12 48.01 48.83 242592 0.00 0.00 0.00     0 42.16 46.85 47.76 102831 71844 9.945
  3 22 23 44.12 48.01 48.83 242592 0.00 0.00 0.00     0 42.16 46.85 47.76 102831 71844 10.055
  3 22 23 44.12 48.01 48.83 242592 0.00 0.00 0.00     0 42.16 46.85 47.76 102831 71844 10.054
  3 22 23 44.12 48.01 48.83 242592 0.00 0.00 0.00     0 42.16 46.85 47.76 102831 71844 10.082
  3 22 23 44.12 48.01 48.83 242592 0.00 0.00 0.00     0 42.16 46.85 47.76 102831 71844 10.079
  3 22 23 44.12 48.01 48.83 242592 0.00 0.00 0.00     0 42.16 46.85 47.76 102831 71844 10.061
  3 22 23 44.12 48.01 48.83 242592 0.00 0.00 0.00     0 42.16 46.85 47.76 102831 71844 10.058
  3 22 23 44.12 48.01 48.83 242592 0.00 0.00 0.00     0 42.16 46.85 47.76 102831 71844 10.069
  3 22 23 44.12 48.01 48.83 242592 0.00 0.00 0.00     0 42.16 46.85 47.76 102831 71844 10.050
  3 22 23 44.12 48.01 48.83 242592 0.00 0.00 0.00     0 42.16 46.85 47.76 102831 71844 10.074
  3 22 23 44.12 48.01 48.83 242592 0.00 0.00 0.00     0 42.16 46.85 47.76 102831 71844 10.061
  3 22 23 44.12 48.01 48.83 242592 0.00 0.00 0.00     0 42.16 46.85 47.76 102831 71844 10.091
  3 22 23 44.12 48.01 48.83 242592 0.00 0.00 0.00     0 42.16 46.85 47.76 102831 71844 10.061
  3 22 23 44.12 48.01 48.83 242592 0.00 0.00 0.00     0 42.16 46.85 47.76 102831 71844 10.063
  3 22 23 44.12 48.01 48.83 242592 0.00 0.00 0.00     0 42.16 46.85 47.76 102831 71844 10.094
  3 22 23 44.12 48.01 48.83 242592 0.00 0.00 0.00     0 42.16 46.85 47.76 102831 71844 10.048
  3 22 23 44.12 48.01 48.83 242592 0.00 0.00 0.00     0 42.16 46.85 47.76 102831 71844 10.053
  3 22 23 44.12 48.01 48.83 242592 0.00 0.00 0.00     0 42.16 46.85 47.76 102831 71844 10.058
  3 22 23 44.12 48.01 48.83 242592 0.00 0.00 0.00     0 42.16 46.85 47.76 102831 71844 10.093
  3 22 23 44.12 48.01 48.83 242592 0.00 0.00 0.00     0 42.16 46.85 47.76 102831 71844 10.062
  3 22 23 44.12 48.01 48.83 242592 0.00 0.00 0.00     0 42.16 46.85 47.76 102831 71844 10.064
  3 22 23 44.12 48.01 48.83 242592 0.00 0.00 0.00     0 42.16 46.85 47.76 102831 71844 10.063
  3 22 23 44.12 48.01 48.83 242592 0.00 0.00 0.00     0 42.16 46.85 47.76 102831 71844 10.135
  3 22 23 44.12 48.01 48.83 242592 0.00 0.00 0.00     0 42.16 46.85 47.76 102831 71844 10.065
  3 22 23 44.12 48.01 48.83 242592 0.00 0.00 0.00     0 42.16 46.85 47.76 102831 71844 10.069
  3 22 23 44.12 48.01 48.83 242592 0.00 0.00 0.00     0 42.16 46.85 47.76 102831 71844 10.073
  3 22 23 44.12 48.01 48.83 242592 0.00 0.00 0.00     0 42.16 46.85 47.76 102831 71844 10.049
  3 22 23 44.12 48.01 48.83 242592 0.00 0.00 0.00     0 42.16 46.85 47.76 102831 71844 10.054
  3 22 23 44.12 48.01 48.83 242592 0.00 0.00 0.00     0 42.16 46.85 47.76 102831 71844 10.098
  3 22 23 44.12 48.01 48.83 242592 0.00 0.00 0.00     0 42.16 46.85 47.76 102831 71844 10.048
  3 22 23 44.12 48.01 48.83 242592 0.00 0.00 0.00     0 42.16 46.85 47.76 102831 71844 10.052
  3 22 23 44.12 48.01 48.83 242592 0.00 0.00 0.00     0 42.16 46.85 47.76 102831 71844 10.092
  3 22 23 44.12 48.01 48.83 242592 0.00 0.00 0.00     0 42.16 46.85 47.76 102831 71844 10.094
  3 22 23 44.12 48.01 48.83 242592 0.00 0.00 0.00     0 42.16 46.85 47.76 102831 71844 10.057
  3 22 23 44.12 48.01 48.83 242592 0.00 0.00 0.00     0 42.16 46.85 47.76 102831 71844 10.473
  3 22 23 44.12 48.01 48.83 242592 0.00 0.00 0.00     0 42.16 46.85 47.76 102831 71844 10.053
  3 22 23 44.12 48.01 48.83 242592 0.00 0.00 0.00     0 42.16 46.85 47.76 102831 71844 10.055
  3 22 23 44.12 48.01 48.83 242592 0.00 0.00 0.00     0 42.16 46.85 47.76 102831 71844 10.076
  3 22 23 44.12 48.01 48.83 242592 0.00 0.00 0.00     0 42.16 46.85 47.76 102831 71844 10.058
  3 22 23 44.12 48.01 48.83 242592 0.00 0.00 0.00     0 42.16 46.85 47.76 102831 71844 10.062
  3 22 23 44.12 48.01 48.83 242592 0.00 0.00 0.00     0 42.16 46.85 47.76 102831 71844 10.058
  3 22 23 44.12 48.01 48.83 242592 0.00 0.00 0.00     0 42.16 46.85 47.76 102831 71844 10.056
  3 22 23 44.12 48.01 48.83 242592 0.00 0.00 0.00     0 42.16 46.85 47.76 102831 71844 10.062
  3 22 23 44.12 48.01 48.83 242592 0.00 0.00 0.00     0 42.16 46.85 47.76 102831 71844 10.055
  3 22 23 44.12 48.01 48.83 242592 0.00 0.00 0.00     0 42.16 46.85 47.76 102831 71844 10.082
  3 22 23 44.12 48.01 48.83 242592 0.00 0.00 0.00     0 42.16 46.85 47.76 102831 71844 10.082
  3 22 23 44.12 48.01 48.83 242592 0.00 0.00 0.00     0 42.16 46.85 47.76 102831 71844 10.051
  3 22 23 44.12 48.01 48.83 242592 0.00 0.00 0.00     0 42.16 46.85 47.76 102831 71844 10.078
  3 22 23 44.12 48.01 48.83 242592 0.00 0.00 0.00     0 42.16 46.85 47.76 102831 71844 10.061
  3 22 23 44.12 48.01 48.83 242592 0.00 0.00 0.00     0 42.16 46.85 47.76 102831 71844 10.073
  3 22 23 44.12 48.01 48.83 242592 0.00 0.00 0.00     0 42.16 46.85 47.76 102831 71844 10.089
  3 22 23 44.12 48.01 48.83 242592 0.00 0.00 0.00     0 42.16 46.85 47.76 102831 71844 10.097
  3 22 23 44.12 48.01 48.83 242592 0.00 0.00 0.00     0 42.16 46.85 47.76 102831 71844 10.057
  3 22 23 44.12 48.01 48.83 242592 0.00 0.00 0.00     0 42.16 46.85 47.76 102831 71844 10.043
  3 22 23 44.12 48.01 48.83 242592 0.00 0.00 0.00     0 42.16 46.85 47.76 102831 71844 10.084
  3 22 23 44.12 48.01 48.83 242592 0.00 0.00 0.00     0 42.16 46.85 47.76 102831 71844 10.080
  3 22 23 44.12 48.01 48.83 242592 0.00 0.00 0.00     0 42.16 46.85 47.76 102831 71844 10.045
  3 22 23 44.12 48.01 48.83 242592 0.00 0.00 0.00     0 42.16 46.85 47.76 102831 71844 10.062
  3 22 23 44.12 48.01 48.83 242592 0.00 0.00 0.00     0 42.16 46.85 47.76 102831 71844 10.225
  3 22 23 44.12 48.01 48.83 242592 0.00 0.00 0.00     0 42.16 46.85 47.76 102831 71844 10.197
  3 22 23 44.12 48.01 48.83 242592 0.00 0.00 0.00     0 42.16 46.85 47.76 102831 71844 10.076
  3 22 23 44.12 48.01 48.83 242592 0.00 0.00 0.00     0 42.16 46.85 47.76 102831 71844 10.119
  3 22 23 44.12 48.01 48.83 242592 0.00 0.00 0.00     0 42.16 46.85 47.76 102831 71844 10.111
  3 22 23 44.12 48.01 48.83 242592 0.00 0.00 0.00     0 42.16 46.85 47.76 102831 71844 10.086
  3 22 23 44.12 48.01 48.83 242592 0.00 0.00 0.00     0 42.16 46.85 47.76 102831 71844 10.100
  3 22 23 44.12 48.01 48.83 242592 0.00 0.00 0.00     0 42.16 46.85 47.76 102831 71844 10.077
  3 22 23 44.12 48.01 48.83 242592 0.00 0.00 0.00     0 42.16 46.85 47.76 102831 71844 10.076
  3 22 23 44.12 48.01 48.83 242592 0.00 0.00 0.00     0 42.16 46.85 47.76 102831 71844 10.082
  3 22 23 44.12 48.01 48.83 242592 0.00 0.00 0.00     0 42.16 46.85 47.76 102831 71844 10.144
  3 22 23 44.12 48.01 48.83 242592 0.00 0.00 0.00     0 42.16 46.85 47.76 102831 71844 10.103
  3 22 23 44.12 48.01 48.83 242592 0.00 0.00 0.00     0 42.16 46.85 47.76 102831 71844 10.112
  3 22 23 44.12 48.01 48.83 242592 0.00 0.00 0.00     0 42.16 46.85 47.76 102831 71844 10.146
  3 22 23 44.12 48.01 48.83 242592 0.00 0.00 0.00     0 42.16 46.85 47.76 102831 71844 10.124
  3 22 23 44.12 48.01 48.83 242592 0.00 0.00 0.00     0 42.16 46.85 47.76 102831 71844 10.089
  3 22 23 44.12 48.01 48.83 242592 0.00 0.00 0.00     0 42.16 46.85 47.76 102831 71844 10.107
  3 22 23 44.12 48.01 48.83 242592 0.00 0.00 0.00     0 42.16 46.85 47.76 102831 71844 10.079
  3 22 23 44.12 48.01 48.83 242592 0.00 0.00 0.00     0 42.16 46.85 47.76 102831 71844 10.083
  3 22 23 44.12 48.01 48.83 242592 0.00 0.00 0.00     0 42.16 46.85 47.76 102831 71844 10.075
  3 22 23 44.12 48.01 48.83 242592 0.00 0.00 0.00     0 42.16 46.85 47.76 102831 71844 10.100
  3 22 23 44.12 48.01 48.83 242592 0.00 0.00 0.00     0 42.16 46.85 47.76 102831 71844 10.107
  3 22 23 44.12 48.01 48.83 242592 0.00 0.00 0.00     0 42.16 46.85 47.76 102831 71844 10.081
  3 22 23 44.12 48.01 48.83 242592 0.00 0.00 0.00     0 42.16 46.85 47.76 102831 71844 10.073
  3 22 23 44.12 48.01 48.83 242592 0.00 0.00 0.00     0 42.16 46.85 47.76 102831 71844 10.205
  3 22 23 44.12 48.01 48.83 242592 0.00 0.00 0.00     0 42.16 46.85 47.76 102831 71844 10.113
  3 22 23 44.12 48.01 48.83 242592 0.00 0.00 0.00     0 42.16 46.85 47.76 102831 71844 10.100
  3 22 23 44.12 48.01 48.83 242592 0.00 0.00 0.00     0 42.16 46.85 47.76 102831 71844 10.113
  3 22 23 44.12 48.01 48.83 242592 0.00 0.00 0.00     0 42.16 46.85 47.76 102831 71844 10.066
  3 22 23 44.12 48.01 48.83 242592 0.00 0.00 0.00     0 42.16 46.85 47.76 102831 71844 10.127
  3 22 23 44.12 48.01 48.83 242592 0.00 0.00 0.00     0 42.16 46.85 47.76 102831 71844 10.063
  3 22 23 44.12 48.01 48.83 242592 0.00 0.00 0.00     0 42.16 46.85 47.76 102831 71844 10.061
  3 22 23 44.12 48.01 48.83 242592 0.00 0.00 0.00     0 42.16 46.85 47.76 102831 71844 10.080
  3 22 23 44.12 48.01 48.83 242592 0.00 0.00 0.00     0 42.16 46.85 47.76 102831 71844 10.058
  3 22 23 44.12 48.01 48.83 242592 0.00 0.00 0.00     0 42.16 46.85 47.76 102831 71844 10.041
  3 22 23 44.12 48.01 48.83 242592 0.00 0.00 0.00     0 42.16 46.85 47.76 102831 71844 10.042
  3 22 23 44.12 48.01 48.83 242592 0.00 0.00 0.00     0 42.16 46.85 47.76 102831 71844 10.051
  3 22 23 44.12 48.01 48.83 242592 0.00 0.00 0.00     0 42.16 46.85 47.76 102831 71844 10.072
  3 22 23 44.12 48.01 48.83 242592 0.00 0.00 0.00     0 42.16 46.85 47.76 102831 71844 10.108
  3 22 23 44.12 48.01 48.83 242592 0.00 0.00 0.00     0 42.16 46.85 47.76 102831 71844 10.065
  3 22 23 44.12 48.01 48.83 242592 0.00 0.00 0.00     0 42.16 46.85 47.76 102831 71844 10.085
  3 22 23 44.12 48.01 48.83 242592 0.00 0.00 0.00     0 42.16 46.85 47.76 102831 71844 10.075
  3 22 23 44.12 48.01 48.83 242592 0.00 0.00 0.00     0 42.16 46.85 47.76 102831 71844 10.065
  3 22 23 44.12 48.01 48.83 242592 0.00 0.00 0.00     0 42.16 46.85 47.76 102831 71844 10.072
  3 22 23 44.12 48.01 48.83 242592 0.00 0.00 0.00     0 42.16 46.85 47.76 102831 71844 10.081
  3 22 23 44.12 48.01 48.83 242592 0.00 0.00 0.00     0 42.16 46.85 47.76 102831 71844 10.078
  3 22 23 44.12 48.01 48.83 242592 0.00 0.00 0.00     0 42.16 46.85 47.76 102831 71844 10.069
  3 22 23 44.12 48.01 48.83 242592 0.00 0.00 0.00     0 42.16 46.85 47.76 102831 71844 10.076
  3 22 23 44.12 48.01 48.83 242592 0.00 0.00 0.00     0 42.16 46.85 47.76 102831 71844 10.073
  3 22 23 44.12 48.01 48.83 242592 0.00 0.00 0.00     0 42.16 46.85 47.76 102831 71844 10.070
  3 22 23 44.12 48.01 48.83 242592 0.00 0.00 0.00     0 42.16 46.85 47.76 102831 71844 10.070
  3 22 23 44.12 48.01 48.83 242592 0.00 0.00 0.00     0 42.16 46.85 47.76 102831 71844 10.065
  3 22 23 44.12 48.01 48.83 242592 0.00 0.00 0.00     0 42.16 46.85 47.76 102831 71844 10.073
  3 22 23 44.12 48.01 48.83 242592 0.00 0.00 0.00     0 42.16 46.85 47.76 102831 71844 9.965
  3 22 23 44.12 48.01 48.83 242592 0.00 0.00 0.00     0 42.16 46.85 47.76 102831 71844 10.077
  3 22 23 44.12 48.01 48.83 242592 0.00 0.00 0.00     0 42.16 46.85 47.76 102831 71844 10.079
  3 22 23 44.12 48.01 48.83 242592 0.00 0.00 0.00     0 42.16 46.85 47.76 102831 71844 10.070
  3 22 23 44.12 48.01 48.83 242592 0.00 0.00 0.00     0 42.16 46.85 47.76 102831 71844 10.080
  3 22 23 44.12 48.01 48.83 242592 0.00 0.00 0.00     0 42.16 46.85 47.76 102831 71844 10.078
  3 22 23 44.12 48.01 48.83 242592 0.00 0.00 0.00     0 42.16 46.85 47.76 102831 71844 10.071
  3 22 23 44.12 48.01 48.83 242592 0.00 0.00 0.00     0 42.16 46.85 47.76 102831 71844 10.075
  3 22 23 44.12 48.01 48.83 242592 0.00 0.00 0.00     0 42.16 46.85 47.76 102831 71844 10.106
  3 22 23 44.12 48.01 48.83 242592 0.00 0.00 0.00     0 42.16 46.85 47.76 102831 71844 10.069
  3 22 23 44.12 48.01 48.83 242592 0.00 0.00 0.00     0 42.16 46.85 47.76 102831 71844 10.077
  3 22 23 44.12 48.01 48.83 242592 0.00 0.00 0.00     0 42.16 46.85 47.76 102831 71844 10.071
  3 22 23 44.12 48.01 48.83 242592 0.00 0.00 0.00     0 42.16 46.85 47.76 102831 71844 10.068
  3 22 23 44.12 48.01 48.83 242592 0.00 0.00 0.00     0 42.16 46.85 47.76 102831 71844 10.078
  3 22 23 44.12 48.01 48.83 242592 0.00 0.00 0.00     0 42.16 46.85 47.76 102831 71844 10.079
  3 22 23 44.12 48.01 48.83 242592 0.00 0.00 0.00     0 42.16 46.85 47.76 102831 71844 10.242
  3 22 23 44.12 48.01 48.83 242592 0.00 0.00 0.00     0 42.16 46.85 47.76 102831 71844 10.073
  3 22 23 44.12 48.01 48.83 242592 0.00 0.00 0.00     0 42.16 46.85 47.76 102831 71844 10.132
  3 22 23 44.12 48.01 48.83 242592 0.00 0.00 0.00     0 42.16 46.85 47.76 102831 71844 10.090
  3 22 23 44.12 48.01 48.83 242592 0.00 0.00 0.00     0 42.16 46.85 47.76 102831 71844 10.056
  3 22 23 44.12 48.01 48.83 242592 0.00 0.00 0.00     0 42.16 46.85 47.76 102831 71844 10.062
  3 22 23 44.12 48.01 48.83 242592 0.00 0.00 0.00     0 42.16 46.85 47.76 102831 71844 10.064
  3 22 23 44.12 48.01 48.83 242592 0.00 0.00 0.00     0 42.16 46.85 47.76 102831 71844 10.067
  3 22 23 44.12 48.01 48.83 242592 0.00 0.00 0.00     0 42.16 46.85 47.76 102831 71844 10.072
  3 22 23 44.12 48.01 48.83 242592 0.00 0.00 0.00     0 42.16 46.85 47.76 102831 71844 10.060
  3 22 23 44.12 48.01 48.83 242592 0.00 0.00 0.00     0 42.16 46.85 47.76 102831 71844 10.056
  3 22 23 44.12 48.01 48.83 242592 0.00 0.00 0.00     0 42.16 46.85 47.76 102831 71844 10.059
  3 22 23 44.12 48.01 48.83 242592 0.00 0.00 0.00     0 42.16 46.85 47.76 102831 71844 10.070
  3 22 23 44.12 48.01 48.83 242592 0.00 0.00 0.00     0 42.16 46.85 47.76 102831 71844 10.054
  3 22 23 44.12 48.01 48.83 242592 0.00 0.00 0.00     0 42.16 46.85 47.76 102831 71844 10.057
  3 22 23 44.12 48.01 48.83 242592 0.00 0.00 0.00     0 42.16 46.85 47.76 102831 71844 10.059
  3 22 23 44.12 48.01 48.83 242592 0.00 0.00 0.00     0 42.16 46.85 47.76 102831 71844 10.094
  3 22 23 44.12 48.01 48.83 242592 0.00 0.00 0.00     0 42.16 46.85 47.76 102831 71844 10.174
  3 22 23 44.12 48.01 48.83 242592 0.00 0.00 0.00     0 42.16 46.85 47.76 102831 71844 10.059
  3 22 23 44.12 48.01 48.83 242592 0.00 0.00 0.00     0 42.16 46.85 47.76 102831 71844 10.069
  3 22 23 44.12 48.01 48.83 242592 0.00 0.00 0.00     0 42.16 46.85 47.76 102831 71844 10.055
  3 22 23 44.12 48.01 48.83 242592 0.00 0.00 0.00     0 42.16 46.85 47.76 102831 71844 10.056
  3 22 23 44.12 48.01 48.83 242592 0.00 0.00 0.00     0 42.16 46.85 47.76 102831 71844 10.058
  3 22 23 44.12 48.01 48.83 242592 0.00 0.00 0.00     0 42.16 46.85 47.76 102831 71844 10.064
  3 22 23 44.12 48.01 48.83 242592 0.00 0.00 0.00     0 42.16 46.85 47.76 102831 71844 10.052
  3 22 23 44.12 48.01 48.83 242592 0.00 0.00 0.00     0 42.16 46.85 47.76 102831 71844 10.109
  3 22 23 44.12 48.01 48.83 242592 0.00 0.00 0.00     0 42.16 46.85 47.76 102831 71844 10.062
  3 22 23 44.12 48.01 48.83 242592 0.00 0.00 0.00     0 42.16 46.85 47.76 102831 71844 10.068
  3 22 23 44.12 48.01 48.83 242592 0.00 0.00 0.00     0 42.16 46.85 47.76 102831 71844 10.057
  3 22 23 44.12 48.01 48.83 242592 0.00 0.00 0.00     0 42.16 46.85 47.76 102831 71844 10.066
  3 22 23 44.12 48.01 48.83 242592 0.00 0.00 0.00     0 42.16 46.85 47.76 102831 71844 10.078
  3 22 23 44.12 48.01 48.83 242592 0.00 0.00 0.00     0 42.16 46.85 47.76 102831 71844 10.048
  3 22 23 44.12 48.01 48.83 242592 0.00 0.00 0.00     0 42.16 46.85 47.76 102831 71844 10.044
  3 22 23 44.12 48.01 48.83 242592 0.00 0.00 0.00     0 42.16 46.85 47.76 102831 71844 10.052
  3 22 23 44.12 48.01 48.83 242592 0.00 0.00 0.00     0 42.16 46.85 47.76 102831 71844 10.058
  3 22 23 44.12 48.01 48.83 242592 0.00 0.00 0.00     0 42.16 46.85 47.76 102831 71844 10.050
  3 22 23 44.12 48.01 48.83 242592 0.00 0.00 0.00     0 42.16 46.85 47.76 102831 71844 10.051
  3 22 23 44.12 48.01 48.83 242592 0.00 0.00 0.00     0 42.16 46.85 47.76 102831 71844 10.052
  3 22 23 44.12 48.01 48.83 242592 0.00 0.00 0.00     0 42.16 46.85 47.76 102831 71844 10.060
  3 22 23 44.12 48.01 48.83 242592 0.00 0.00 0.00     0 42.16 46.85 47.76 102831 71844 10.046
  3 22 23 44.12 48.01 48.83 242592 0.00 0.00 0.00     0 42.16 46.85 47.76 102831 71844 10.053
  3 22 23 44.12 48.01 48.83 242592 0.00 0.00 0.00     0 42.16 46.85 47.76 102831 71844 10.059
  3 22 23 44.12 48.01 48.83 242592 0.00 0.00 0.00     0 42.16 46.85 47.76 102831 71844 10.065
  3 22 23 44.12 48.01 48.83 242592 0.00 0.00 0.00     0 42.16 46.85 47.76 102831 71844 10.063
  3 22 23 44.12 48.01 48.83 242592 0.00 0.00 0.00     0 42.16 46.85 47.76 102831 71844 10.068
  3 22 23 44.12 48.01 48.83 242592 0.00 0.00 0.00     0 42.16 46.85 47.76 102831 71844 10.054
  3 22 23 44.12 48.01 48.83 242592 0.00 0.00 0.00     0 42.16 46.85 47.76 102831 71844 10.062
  3 22 23 44.12 48.01 48.83 242592 0.00 0.00 0.00     0 42.16 46.85 47.76 102831 71844 10.047
  3 22 23 44.12 48.01 48.83 242592 0.00 0.00 0.00     0 42.16 46.85 47.76 102831 71844 10.059
  3 22 23 44.12 48.01 48.83 242592 0.00 0.00 0.00     0 42.16 46.85 47.76 102831 71844 10.061
  3 22 23 44.12 48.01 48.83 242592 0.00 0.00 0.00     0 42.16 46.85 47.76 102831 71844 10.065
  3 22 23 44.12 48.01 48.83 242592 0.00 0.00 0.00     0 42.16 46.85 47.76 102831 71844 10.064
  3 22 23 44.12 48.01 48.83 242592 0.00 0.00 0.00     0 42.16 46.85 47.76 102831 71844 10.073
  3 22 23 44.12 48.01 48.83 242592 0.00 0.00 0.00     0 42.16 46.85 47.76 102831 71844 10.056
  3 22 23 44.12 48.01 48.83 242592 0.00 0.00 0.00     0 42.16 46.85 47.76 102831 71844 10.058
  3 22 23 44.12 48.01 48.83 242592 0.00 0.00 0.00     0 42.16 46.85 47.76 102831 71844 10.050
  3 22 23 44.12 48.01 48.83 242592 0.00 0.00 0.00     0 42.16 46.85 47.76 102831 71844 10.047
  3 22 23 44.12 48.01 48.83 242592 0.00 0.00 0.00     0 42.16 46.85 47.76 102831 71844 10.048
  3 22 23 44.12 48.01 48.83 242592 0.00 0.00 0.00     0 42.16 46.85 47.76 102831 71844 10.053
  3 22 23 44.12 48.01 48.83 242592 0.00 0.00 0.00     0 42.16 46.85 47.76 102831 71844 10.059
